5    78    346    30    355    403    90
6    286    159    20    530    597    90
7    322    465    10    226    291    90
8    393    408    30    630    708    90
9    89    216    10    495    562    90
10    76    345    30    539    586    90
11    410    285    20    499    556    90
12    472    189    30    385    440    90
13    270    49    30    925    970    90
14    219    325    10    520    563    90
15    437    12    20    557    613    90
16    418    218    20    974    1030    90
17    20    488    10    754    820    90
18    77    347    20    436    505    90
19    73    346    10    726    772    90
20    480    455    10    1123    1179    90
21    129    292    10    552    610    90
22    337    257    20    805    863    90
23    237    254    20    629    688    90
24    131    220    30    749    810    90
25    417    417    10    954    1020    90
26    287    143    10    748    793    90
27    379    80    20    737    789    90
28    87    285    30    709    764    90
29    374    489    20    269    339    90
30    440    247    20    717    779    90
31    281    137    10    370    416    90
32    379    196    20    665    714    90
33    297    102    10    214    281    90
34    39    76    10    328    399    90
35    35    306    20    369    440    90
36    435    68    10    259    314    90
37    245    251    10    60    130    90
38    409    88    20    655    715    90
39    273    55    20    196    246    90
40    163    340    30    468    513    90
41    129    223    20    274    340    90
42    371    200    10    843    916    90
43    357    26    20    1162    1202    90
44    470    473    10    1221    1270    90
45    77    344    10    254    319    90
46    478    461    10    462    529    90
47    128    291    10    639    706    90
48    111    113    10    632    694    90
49    164    21    20    578    639    90
50    21    485    30    487    540    90
51    108    26    10    423    491    90
52    424    286    10    517    571    90
53    200    270    20    208    260    90
54    7    300    30    1056    1104    90
55    433    31    10    285    333    90
56    420    295    20    976    1044    90
57    451    367    20    1134    1195    90
58    118    157    20    403    465    90
59    489    101    20    1005    1066    90
60    200    261    10    945    1017    90
61    476    483    10    657    722    90
62    30    302    10    572    632    90
63    8    300    10    1131    1211    90
64    275    45    20    444    515    90
65    238    46    40    735    784    90
66    152    206    10    910    973    90
67    99    218    30    154    205    90
68    393    410    20    913    982    90
69    480    460    20    549    627    90
70    337    256    20    154    201    90
71    389    300    10    293    364    90
72    90    237    20    1229    1284    90
73    321    280    30    143    194    90
74    417    218    10    1060    1126    90
75    64    108    10    473    539    90
76    57    432    10    973    1033    90
77    356    24    20    249    323    90
78    143    207    30    267    326    90
79    221    325    10    594    673    90
80    22    483    30    325    389    90
81    24    65    10    904    976    90
82    141    431    30    362    423    90
83    202    9    10    1225    1281    90
84    20    48    10    1294    1358    90
85    457    163    20    284    346    90
86    470    290    10    835    895    90
87    268    400    20    869    928    90
88    337    251    10    145    210    90
89    366    20    10    874    927    90
90    72    344    20    618    695    90
91    149    203    10    553    597    90
92    55    428    20    511    568    90
93    189    7    30    310    372    90
94    397    18    10    519    575    90
95    481    122    30    607    653    90
96    20    73    10    290    354    90
97    54    430    20    610    652    90
98    74    350    10    915    955    90
99    202    8    10    1134    1190    90
100    406    285    20    412    456    90
101    460    2    20    655    720    90
102    441    244    10    909    955    90
103    1    293    10    492    554    90
104    115    465    10    409    465    90
105    422    420    20    490    545    90
106    75    347    10    810    872    90
107    141    428    20    208    266    90
108    404    264    20    395    462    90
109    398    23    10    270    334    90
110    148    211    20    167    233    90
111    362    22    20    1050    1121    90
112    479    127    20    412    478    90
113    443    246    20    536    593    90
114    22    37    10    833    894    90
115    65    100    10    763    811    90
116    404    447    20    250    280    90
117    102    264    10    148    215    90
118    444    271    10    633    688    90
119    325    466    40    670    717    90
120    124    219    20    571    615    90
121    335    243    20    428    495    90
122    26    42    20    455    519    90
123    113    106    20    198    260    90
124    399    450    20    971    1056    90
125    146    439    10    642    707    90
126    162    336    20    180    247    90
127    2    295    30    774    828    90
128    122    35    10    305    376    90
129    346    60    10    1027    1086    90
130    93    213    30    409    457    90
131    218    316    20    73    134    90
132    116    156    10    495    557    90
133    419    422    20    575    647    90
134    467    141    10    574    637    90
135    187    491    20    771    854    90
136    433    25    20    903    970    90
137    286    137    10    459    516    90
138    370    82    40    450    509    90
139    132    290    10    818    898    90
140    435    11    40    362    422    90
141    206    261    10    1050    1104    90
142    428    291    10    698    764    90
143    95    384    30    719    785    90
144    205    223    20    491    544    90
145    463    140    10    295    366    90
146    343    47    20    738    805    90
147    435    62    30    1156    1218    90
148    387    488    20    987    1046    90
149    121    157    10    220    279    90
150    182    463    30    372    440    90
151    92    216    10    777    834    90
152    370    83    20    357    419    90
153    444    242    10    441    501    90
154    90    285    40    981    1042    90
155    446    64    10    600    665    90
156    312    264    20    131    179    90
157    208    11    20    1316    1382    90
158    442    247    10    623    689    90
159    140    431    30    280    324    90
160    118    153    30    949    1028    90
161    134    428    20    935    992    90
162    91    235    10    1140    1188    90
163    406    257    10    596    637    90
164    377    76    20    638    699    90
165    474    96    30    271    327    90
166    346    57    20    925    1002    90
167    393    301    30    482    545    90
168    412    214    10    165    215    90
169    210    398    10    592    647    90
170    346    150    20    948    998    90
171    62    453    10    515    584    90
172    437    61    10    1063    1127    90
173    87    96    30    744    810    90
174    367    83    30    266    324    90
175    91    268    10    869    931    90
176    459    145    40    233    291    90
177    63    444    20    1084    1146    90
178    433    27    20    628    694    90
179    60    454    10    892    952    90
180    478    99    10    617    675    90
181    485    454    10    842    890    90
182    6    292    10    316    360    90
183    398    20    20    333    394    90
184    248    251    20    2    63    90
185    433    15    20    297    344    90
186    64    426    10    1162    1223    90
187    154    207    20    1002    1066    90
188    481    456    40    1028    1091    90
189    380    498    10    523    582    90
190    88    286    10    795    859    90
191    111    23    10    266    326    90
192    199    187    20    433    490    90
193    269    48    20    823    889    90
194    367    178    20    570    620    90
195    452    163    30    219    263    90
196    431    28    20    724    783    90
197    8    116    20    894    957    90
198    233    47    20    356    415    90
199    237    43    20    631    702    90
200    320    262    10    585    656    90
201    188    4    20    413    455    90
202    180    6    10    774    839    90
203    328    466    30    847    906    90
204    393    12    10    617    671    90
205    409    90    20    569    617    90
206    406    87    10    936    999    90
207    394    407    20    733    789    90
208    358    183    20    932    1005    90
209    186    461    20    220    284    90
210    38    72    30    420    496    90
211    323    471    30    469    546    90
212    224    192    10    215    274    90
213    278    46    20    205    269    90
214    272    403    30    494    555    90
215    232    42    10    545    599    90
216    18    63    10    716    792    90
217    58    458    10    702    774    90
218    416    417    20    1057    1099    90
219    205    230    30    203    263    90
220    65    453    30    423    490    90
221    421    294    10    883    953    90
222    434    245    10    1377    1416    90
223    2    116    20    526    586    90
224    411    421    20    862    917    90
225    315    260    10    223    278    90
226    136    288    10    1023    1063    90
227    173    490    20    406    462    90
228    90    232    10    682    732    90
229    402    265    20    306    365    90
230    361    14    10    686    738    90
231    348    147    10    845    914    90
232    385    295    20    142    182    90
233    394    23    20    1271    1326    90
234    466    295    20    1033    1073    90
235    71    103    20    1402    1472    90
236    125    29    30    588    649    90
237    25    65    10    1005    1057    90
238    58    449    30    993    1042    90
239    246    398    40    148    199    90
240    423    294    10    790    863    90
241    59    459    20    622    670    90
242    348    145    20    763    813    90
243    477    97    10    421    495    90
244    307    102    40    602    647    90
245    169    31    20    387    447    90
246    381    495    20    705    769    90
247    95    234    10    315    362    90
248    22    33    10    735    803    90
249    435    268    10    1100    1154    90
250    135    293    30    360    430    90
251    439    266    10    267    293    90
252    269    402    20    587    648    90
253    267    400    10    779    836    90
254    473    196    10    564    642    90
255    445    237    10    349    402    90
256    461    284    10    275    340    90
257    167    339    10    648    710    90
258    26    43    10    365    427    90
259    101    386    20    349    415    90
260    342    54    20    553    616    90
261    243    399    10    782    837    90
262    288    44    20    636    711    90
263    274    48    10    368    405    90
264    360    184    10    846    906    90
265    23    67    30    1092    1157    90
266    6    296    10    863    926    90
267    249    258    30    910    974    90
268    421    415    30    297    364    90
269    319    468    10    289    353    90
270    50    438    20    724    779    90
271    440    61    30    971    1032    90
272    17    65    20    625    699    90
273    323    118    20    304    367    90
274    402    281    20    886    924    90
275    71    153    20    746    816    90
276    52    432    20    789    843    90
277    378    199    10    761    804    90
278    238    204    20    566    634    90
279    208    184    20    146    192    90
280    376    195    10    576    616    90
281    473    475    10    1124    1181    90
282    215    395    20    865    928    90
283    123    222    30    376    430    90
284    436    241    20    1271    1333    90
285    70    100    10    1119    1191    90
286    73    328    20    193    270    90
287    241    205    30    669    717    90
288    250    405    20    303    370    90
289    483    14    10    664    732    90
290    466    287    10    467    525    90
291    467    114    10    1159    1223    90
292    120    159    10    306    377    90
293    408    84    10    745    814    90
294    413    217    20    230    289    90
295    338    142    40    204    256    90
296    483    457    20    735    811    90
297    479    169    20    774    834    90
298    95    224    20    1057    1120    90
299    122    216    10    461    537    90
300    477    179    20    237    308    90
301    406    99    20    367    438    90
302    44    47    20    289    356    90
303    487    450    10    929    993    90
304    172    488    10    310    374    90
305    460    374    20    753    831    90
306    279    138    40    281    320    90
307    338    147    10    135    193    90
308    395    295    20    677    736    90
309    195    185    20    335    399    90
310    463    194    20    220    279    90
311    30    72    10    1379    1434    90
312    244    254    20    723    787    90
313    317    261    20    398    473    90
314    67    108    10    297    346    90
315    442    310    20    643    698    90
316    63    336    20    822    861    90
317    109    107    20    357    416    90
318    100    387    10    449    498    90
319    494    94    10    634    692    90
320    343    49    10    650    710    90
321    40    52    40    546    591    90
322    319    124    20    400    465    90
323    94    97    20    285    334    90
324    476    94    20    334    396    90
325    283    47    10    373    420    90
326    398    325    30    774    843    90
327    460    13    20    462    532    90
328    305    107    20    688    753    90
329    188    12    30    245    309    90
330    136    290    20    272    332    90
331    439    268    10    1005    1060    90
332    112    467    10    505    557    90
333    181    469    20    468    536    90
334    358    18    10    485    568    90
335    459    10    10    566    614    90
336    199    268    20    284    368    90
337    436    237    20    186    264    90
338    318    280    20    319    384    90
339    64    99    10    853    904    90
340    394    333    20    492    567    90
341    366    93    20    936    989    90
342    95    391    10    909    973    90
343    391    425    20    842    909    90
344    344    146    10    496    529    90
345    198    12    10    582    631    90
346    186    472    20    564    633    90
347    390    408    30    450    520    90
348    19    43    20    1203    1259    90
349    307    108    10    777    847    90
350    59    457    30    810    848    90
351    49    451    20    340    409    90
352    125    39    20    245    318    90
353    61    147    40    383    413    90
354    317    123    20    497    554    90
355    392    426    10    666    722    90
356    237    213    10    846    917    90
357    71    333    10    252    325    90
358    304    97    20    407    466    90
359    196    462    10    955    1003    90
360    224    191    20    312    359    90
361    37    51    10    633    689    90
362    491    25    10    957    1010    90
363    270    401    20    217    268    90
364    474    461    30    307    379    90
365    66    448    10    270    345    90
366    337    241    20    334    403    90
367    269    46    20    733    794    90
368    22    41    10    1110    1164    90
369    198    271    20    380    458    90
370    287    43    10    555    609    90
371    446    63    20    697    750    90
372    200    229    30    301    355    90
373    48    72    30    711    768    90
374    465    142    10    401    445    90
375    123    155    10    1143    1209    90
376    16    497    20    1038    1123    90
377    220    319    30    971    1037    90
378    484    171    10    680    736    90
379    55    431    20    694    752    90
380    428    24    10    1105    1140    90
381    80    342    10    193    275    90
382    16    68    20    521    617    90
383    124    56    20    231    285    90
384    95    218    20    873    927    90
385    481    26    30    321    374    90
386    145    434    20    462    514    90
387    335    57    30    210    261    90
388    26    490    10    1345    1394    90
389    324    127    30    143    200    90
390    109    114    10    829    871    90
391    72    148    20    265    330    90
392    220    392    20    970    1015    90
393    442    243    10    996    1052    90
394    69    336    20    440    507    90
395    131    226    20    121    183    90
396    150    204    20    639    694    90
397    423    217    20    785    849    90
398    419    459    20    785    838    90
399    285    163    10    714    780    90
400    203    7    20    1033    1108    90
401    54    445    10    534    593    90
402    109    463    30    959    1018    90
403    355    180    30    279    345    90
404    13    455    10    381    430    90
405    165    337    20    373    422    90
406    314    124    20    775    836    90
407    9    124    20    271    336    90
408    3    292    20    404    457    90
409    16    462    10    935    986    90
410    189    464    10    856    906    90
411    288    154    10    442    494    90
412    90    296    20    166    240    90
413    138    438    20    832    893    90
414    13    459    20    646    718    90
415    461    8    20    756    812    90
416    96    97    20    217    280    90
417    68    99    10    1040    1085    90
418    146    205    10    363    417    90
419    117    152    20    859    935    90
420    481    96    20    526    577    90
421    338    260    20    622    678    90
422    285    44    10    459    522    90
423    111    464    10    775    837    90
424    468    291    30    748    798    90
425    148    206    20    458    506    90
426    184    464    10    285    344    90
427    197    11    10    678    719    90
428    396    410    10    829    880    90
429    133    53    20    668    720    90
430    132    30    20    875    926    90
431    464    13    20    853    906    90
432    100    394    10    1006    1067    90
433    483    22    10    476    543    90
434    93    235    10    951    1012    90
435    174    26    10    1037    1105    90
436    436    264    20    186    248    90
437    24    492    10    1252    1302    90
438    406    94    10    375    430    90
439    234    246    10    537    582    90
440    315    287    30    693    754    90
441    408    453    10    575    661    90
442    128    225    10    176    253    90
443    226    191    20    397    459    90
444    391    407    10    549    605    90
445    198    264    20    770    821    90
446    179    7    20    864    930    90
447    425    215    10    699    748    90
448    483    27    20    1322    1384    90
449    22    40    30    1012    1080    90
450    479    176    20    296    367    90
451    476    102    20    797    866    90
452    386    405    20    206    266    90
453    22    38    20    929    980    90
454    440    241    10    1088    1145    90
455    182    14    10    1062    1116    90
456    266    405    20    680    745    90
457    357    181    20    367    441    90
458    395    332    10    593    648    90
459    423    290    10    329    389    90
460    104    28    20    716    748    90
461    131    56    10    489    533    90
462    111    110    20    550    590    90
463    97    93    20    460    530    90
464    90    274    20    411    458    90
465    214    394    10    778    834    90
466    6    114    10    809    855    90
467    375    191    30    473    531    90
468    356    21    20    414    452    90
469    466    165    30    747    805    90
470    415    223    20    1257    1302    90
471    397    20    20    433    477    90
472    241    403    10    686    744    90
473    69    334    30    348    415    90
474    152    210    20    105    163    90
475    67    335    20    629    684    90
476    126    30    10    495    558    90
477    390    423    10    290    336    90
478    285    162    30    625    688    90
479    285    158    30    340    405    90
480    406    96    20    280    342    90
481    459    374    20    848    917    90
482    67    109    20    388    438    90
483    468    475    10    313    373    90
484    438    31    10    348    413    90
485    168    24    10    770    816    90
486    267    394    10    962    1027    90
487    406    450    20    405    464    90
488    460    288    10    213    265    90
489    224    203    20    53    90    90
490    21    487    10    582    629    90
491    21    488    10    667    725    90
492    87    217    10    597    644    90
493    67    452    30    327    402    90
494    119    223    10    853    906    90
495    398    428    10    561    634    90
496    344    262    20    522    585    90
497    390    301    10    391    450    90
498    167    27    30    487    536    90
499    236    247    20    443    492    90
500    313    119    30    679    742    90
501    13    51    10    1366    1425    90
502    200    13    10    397    453    90
503    0    120    30    431    492    90
504    202    4    10    950    1004    90
505    343    144    10    302    349    90
506    94    383    10    636    687    90
507    250    411    30    492    554    90
508    464    134    20    1048    1106    90
509    443    237    20    248    318    90
510    4    114    10    712    769    90
511    169    336    30    838    892    90
512    200    178    20    240    298    90
513    412    453    10    674    750    90
514    121    151    20    1053    1110    90
515    403    93    10    1131    1181    90
516    399    301    30    584    634    90
517    97    387    10    823    869    90
518    176    8    10    969    1012    90
519    62    326    20    914    969    90
520    151    207    10    731    788    90
521    299    98    30    320    364    90
522    334    240    30    526    582    90
523    92    270    20    954    1029    90
524    444    269    20    544    593    90
525    132    223    30    837    909    90
526    428    25    20    1175    1251    90
527    413    421    10    768    828    90
528    382    498    10    619    669    90
529    391    429    20    475    525    90
530    398    97    10    264    344    90
531    192    265    10    678    721    90
532    438    26    10    453    497    90
533    44    79    10    267    333    90
534    137    290    10    176    245    90
535    446    319    30    364    416    90
536    175    487    20    248    308    90
537    26    45    30    303    366    90
538    147    435    20    553    607    90
539    111    459    20    1152    1195    90
540    472    132    10    767    826    90
541    349    158    20    1050    1093    90
542    86    268    10    689    735    90
543    415    216    10    319    384    90
544    121    218    20    191    257    90
545    210    185    20    76    120    90
546    98    215    20    218    278    90
547    484    174    10    496    544    90
548    328    458    10    944    1006    90
549    313    126    10    873    923    90
550    390    415    20    1042    1090    90
551    459    17    20    1039    1094    90
552    481    124    10    505    571    90
553    386    414    10    1109    1162    90
554    116    466    20    318    373    90
555    468    295    10    934    987    90
556    391    426    10    752    818    90
557    408    279    20    682    747    90
558    15    68    10    448    508    90
559    392    424    10    926    1007    90
560    88    95    20    658    712    90
561    116    151    20    774    836    90
562    240    250    10    340    405    90
563    123    159    20    156    216    90
564    89    290    20    225    300    90
565    39    50    30    440    511    90
566    359    179    20    465    529    90
567    338    257    20    713    772    90
568    92    236    20    1041    1104    90
569    413    417    10    1135    1207    90
570    91    101    10    844    902    90
571    55    449    20    278    339    90
572    57    425    20    260    317    90
573    465    287    10    556    617    90
574    320    280    10    221    298    90
575    322    468    20    575    625    90
576    483    458    10    656    708    90
577    312    267    10    862    941    90
578    139    291    10    118    187    90
579    388    408    10    361    425    90
580    110    459    30    1057    1109    90
581    459    372    20    672    726    90
582    204    269    30    49    98    90
583    407    98    10    218    297    90
584    335    256    10    890    962    90
585    471    484    10    571    618    90
586    339    244    30    251    299    90
587    89    272    10    498    555    90
588    488    96    10    909    973    90
589    316    286    30    601    662    90
590    235    50    30    813    896    90
591    316    258    20    317    368    90
592    425    288    10    603    669    90
593    213    397    10    680    744    90
594    113    156    10    577    661    90
595    199    9    20    853    911    90
596    463    167    10    657    709    90
597    129    27    10    680    745    90
598    248    404    30    214    274    90
599    405    276    20    771    848    90
600    400    288    30    154    232    90
601    61    156    30    462    532    90
602    393    20    20    1190    1222    90
603    484    177    20    390    463    90
604    108    116    30    911    973    90
605    112    217    20    383    443    90
606    389    404    10    267    331    90
607    102    391    20    1098    1161    90
608    434    26    10    538    601    90
609    488    26    30    1136    1199    90
610    477    120    10    968    1026    90
611    126    220    20    659    711    90
612    439    310    10    198    256    90
613    212    319    30    227    293    90
614    320    283    30    421    471    90
615    17    459    10    1200    1275    90
616    236    213    20    39    114    90
617    68    108    10    230    324    90
618    390    294    20    853    931    90
619    275    42    30    537    608    90
620    423    214    20    595    669    90
621    460    367    20    392    450    90
622    272    402    10    317    353    90
623    478    102    10    704    775    90
624    400    260    40    150    212    90
625    181    6    20    678    753    90
626    470    475    30    381    429    90
627    245    408    10    585    652    90
628    93    96    20    374    427    90
629    218    318    20    884    939    90
630    441    265    40    344    400    90
631    21    64    20    818    876    90
632    356    23    20    309    373    90
633    267    44    20    649    693    90
634    277    50    10    257    329    90
635    182    4    10    586    659    90
636    26    36    10    646    702    90
637    384    491    20    897    948    90
638    418    290    10    1172    1221    90
639    321    277    10    75    140    90
640    358    16    30    596    641    90
641    389    334    20    316    373    90
642    48    78    20    990    1042    90
643    24    68    20    1282    1337    90
644    206    225    10    405    446    90
645    290    141    30    645    709    90
646    439    15    20    650    706    90
647    359    182    20    748    821    90
648    413    287    10    1348    1417    90
649    230    49    20    201    253    90
650    407    280    10    595    653    90
651    459    295    20    1209    1273    90
652    468    199    20    669    730    90
653    101    384    30    200    262    90
654    170    26    10    855    918    90
655    197    270    30    474    548    90
656    415    289    20    169    228    90
657    203    390    40    307    361    90
658    443    272    10    821    869    90
659    210    391    30    202    272    90
660    363    22    20    964    1025    90
661    352    176    20    126    175    90
662    212    223    40    758    832    90
663    8    120    10    1169    1232    90
664    244    250    10    157    217    90
665    18    484    10    397    444    90
666    379    82    10    827    884    90
667    84    346    20    1095    1157    90
668    233    207    10    105    167    90
669    344    62    10    1208    1274    90
670    20    489    10    856    901    90
671    361    181    20    662    723    90
672    174    494    10    498    559    90
673    49    76    20    899    950    90
674    390    325    30    883    929    90
675    7    118    20    988    1047    90
676    107    26    10    517    579    90
677    312    270    30    967    1022    90
678    399    102    20    649    715    90
679    109    108    10    444    510    90
680    115    218    10    298    341    90
681    88    287    30    878    959    90
682    54    424    10    320    387    90
683    125    32    30    407    462    90
684    199    12    20    475    557    90
685    457    374    10    945    1005    90
686    391    413    10    1013    1069    90
687    304    102    30    505    559    90
688    391    293    20    768    834    90
689    66    336    10    719    778    90
690    132    291    10    736    797    90
691    18    462    20    1015    1090    90
692    347    62    10    1121    1176    90
693    466    142    10    492    537    90
694    389    17    10    993    1049    90
695    342    254    10    244    301    90
696    92    223    10    967    1023    90
697    404    83    30    831    916    90
698    290    46    20    832    896    90
699    95    92    20    554    621    90
700    200    265    10    853    922    90
701    435    16    10    829    895    90
702    25    499    10    1154    1206    90
703    319    260    20    489    566    90
704    116    225    20    752    820    90
705    402    284    30    313    367    90
706    108    105    20    258    329    90
707    386    13    10    785    878    90
708    472    129    10    312    383    90
709    132    57    20    396    443    90
710    43    71    40    525    581    90
711    493    91    30    542    599    90
712    12    451    20    311    359    90
713    201    188    10    526    581    90
714    60    428    20    1059    1137    90
715    243    248    30    243    314    90
716    230    197    40    588    645    90
717    389    11    20    707    769    90
718    401    281    20    968    1024    90
719    459    14    20    372    439    90
720    411    95    30    475    521    90
721    0    297    10    679    737    90
722    476    196    30    476    544    90
723    458    16    20    313    369    90
724    92    230    20    498    549    90
725    432    24    20    1000    1056    90
726    215    317    10    140    194    90
727    371    192    30    190    259    90
728    481    20    20    572    631    90
729    152    207    20    824    877    90
730    14    459    20    559    622    90
731    361    17    20    777    832    90
732    8    497    40    959    1006    90
733    206    186    10    891    955    90
734    421    218    10    880    939    90
735    402    264    20    216    273    90
736    388    325    10    971    1026    90
737    35    304    30    280    345    90
738    321    263    20    680    743    90
739    444    313    20    462    511    90
740    188    462    40    753    826    90
741    400    103    10    546    636    90
742    418    221    10    1150    1223    90
743    112    219    20    469    541    90
744    408    452    10    490    564    90
745    30    301    10    660    726    90
746    205    228    10    110    173    90
747    407    88    10    1035    1083    90
748    380    489    20    1084    1143    90
749    395    331    20    690    734    90
750    133    26    10    776    837    90
751    21    68    20    1189    1243    90
752    313    282    20    790    847    90
753    53    440    10    633    684    90
754    458    130    20    1140    1210    90
755    437    15    30    739    801    90
756    400    286    10    217    276    90
757    346    144    10    661    729    90
758    440    244    10    809    874    90
759    280    162    30    158    210    90
760    488    173    20    583    645    90
761    326    118    10    213    272    90
762    207    400    20    489    562    90
763    391    18    10    1085    1141    90
764    37    55    10    730    780    90
765    204    15    20    239    301    90
766    173    28    10    1134    1191    90
767    343    148    20    399    441    90
768    231    43    10    447    513    90
769    445    273    20    725    781    90
770    432    27    10    810    878    90
771    439    305    30    736    797    90
772    208    396    20    401    462    90
773    249    407    10    403    455    90
774    107    112    30    728    787    90
775    279    159    20    252    301    90
776    376    494    30    334    396    90
777    403    262    30    493    547    90
778    41    47    20    359    406    90
779    96    213    30    311    369    90
780    461    167    10    470    531    90
781    391    99    20    206    268    90
782    116    221    30    571    627    90
783    165    343    10    556    613    90
784    388    334    20    227    280    90
785    130    57    40    289    365    90
786    422    409    10    234    290    90
787    66    156    10    653    718    90
788    485    86    20    349    413    90
789    389    428    20    380    435    90
790    117    467    10    254    307    90
791    475    477    20    1028    1091    90
792    429    27    20    1272    1339    90
793    339    60    20    274    338    90
794    381    494    10    801    855    90
795    218    321    20    697    759    90
796    64    101    20    667    724    90
797    343    254    20    334    394    90
798    478    464    10    360    446    90
799    423    286    20    430    477    90
800    198    9    20    763    819    90
801    225    196    10    128    174    90
802    374    190    20    292    344    90
803    462    14    20    944    1000    90
804    347    54    10    836    904    90
805    231    195    20    497    552    90
806    72    96    20    1220    1278    90
807    489    87    20    451    499    90
808    443    313    30    554    602    90
809    233    204    20    198    260    90
810    477    483    20    745    817    90
811    459    368    10    299    361    90
812    95    277    20    1057    1121    90
813    16    460    20    1112    1180    90
814    100    266    20    207    275    90
815    288    53    40    925    997    90
816    211    386    20    141    212    90
817    144    439    30    736    797    90
818    224    314    10    1074    1126    90
819    79    291    10    519    568    90
820    95    235    10    155    227    90
821    7    123    30    329    399    90
822    91    217    10    692    738    90
823    105    27    10    611    670    90
824    101    385    20    262    320    90
825    238    210    30    757    821    90
826    439    67    10    322    386    90
827    435    267    20    1188    1247    90
828    443    64    30    779    854    90
829    92    234    10    853    926    90
830    450    265    10    444    498    90
831    102    27    20    796    852    90
832    492    94    10    724    787    90
833    440    63    20    886    934    90
834    453    367    20    1055    1091    90
835    15    69    10    359    414    90
836    489    17    10    764    826    90
837    335    255    20    85    124    90
838    419    418    10    394    454    90
839    292    41    10    733    804    90
840    489    27    10    1035    1117    90
841    96    270    20    308    367    90
842    461    369    10    579    633    90
843    105    22    30    339    385    90
844    479    121    10    692    754    90
845    207    223    10    585    634    90
846    17    458    10    1297    1360    90
847    186    7    20    500    555    90
848    465    168    10    837    902    90
849    416    288    20    1251    1328    90
850    388    418    10    217    283    90
851    92    233    10    768    830    90
852    179    492    10    678    752    90
853    132    55    10    573    632    90
854    485    24    20    387    445    90
855    388    331    20    160    230    90
856    217    323    20    424    473    90
857    281    164    20    91    140    90
858    169    340    10    737    806    90
859    491    20    20    853    925    90
860    279    42    40    262    338    90
861    439    243    20    1191    1227    90
862    391    334    20    402    470    90
863    96    244    10    1332    1380    90
864    441    273    20    903    972    90
865    477    478    20    942    993    90
866    56    434    20    881    940    90
867    12    463    20    751    800    90
868    458    164    20    374    439    90
869    446    65    20    516    566    90
870    71    156    10    844    904    90
871    65    153    30    570    614    90
872    8    118    20    1079    1138    90
873    102    29    30    887    946    90
874    315    265    10    774    841    90
875    343    62    10    1300    1364    90
876    384    16    20    892    959    90
877    67    105    10    579    622    90
878    478    118    20    1058    1121    90
879    73    101    20    1313    1375    90
880    200    14    10    311    356    90
881    114    225    30    664    723    90
882    460    293    30    1121    1176    90
883    51    447    10    438    501    90
884    418    295    20    1063    1140    90
885    282    139    20    188    227    90
886    477    122    10    886    924    90
887    91    266    10    776    840    90
888    16    463    20    836    904    90
889    228    199    10    673    746    90
890    435    20    20    933    980    90
891    467    195    10    285    344    90
892    469    132    10    856    923    90
893    465    136    30    964    1007    90
894    246    255    10    818    877    90
895    49    75    20    810    857    90
896    66    98    20    944    996    90
897    166    32    10    296    352    90
898    326    466    30    753    817    90
899    202    186    20    616    676    90
900    467    285    20    380    428    90
901    290    136    20    549    614    90
902    341    58    10    364    433    90
903    121    219    20    132    203    90
904    107    35    30    986    1041    90
905    216    319    10    321    387    90
906    134    288    20    923    979    90
907    89    270    10    590    647    90
908    136    52    10    759    817    90
909    462    167    20    566    617    90
910    340    54    10    461    525    90
911    80    286    10    601    677    90
912    38    301    20    768    814    90
913    25    307    10    480    529    90
914    470    139    10    668    731    90
915    270    400    10    151    213    90
916    204    187    30    803    857    90
917    460    171    30    937    994    90
918    399    106    20    925    989    90
919    197    267    10    582    626    90
920    77    350    10    997    1058    90
921    91    231    30    579    652    90
922    398    103    30    739    807    90
923    35    303    20    221    262    90
924    231    204    20    776    834    90
925    311    266    10    63    126    90
926    416    420    20    663    746    90
927    231    203    20    291    352    90
928    4    116    10    618    678    90
929    417    217    30    423    465    90
930    268    52    10    1003    1079    90
931    345    144    30    568    640    90
932    368    85    30    202    275    90
933    441    65    10    422    470    90
934    201    270    10    108    177    90
935    0    293    30    591    637    90
936    167    24    20    668    736    90
937    186    464    10    662    730    90
938    7    292    10    246    306    90
939    80    290    10    420    484    90
940    405    455    40    883    948    90
941    439    312    30    257    324    90
942    300    108    10    150    211    90
943    478    121    40    788    840    90
944    92    232    10    401    462    90
945    111    463    20    875    919    90
946    132    294    20    454    521    90
947    134    285    20    1104    1168    90
948    316    284    20    510    570    90
949    56    428    20    415    482    90
950    232    47    10    262    327    90
951    466    291    10    656    705    90
952    341    257    20    424    490    90
953    420    213    10    509    568    90
954    116    152    20    678    750    90
955    163    337    10    277    334    90
956    440    7    20    469    508    90
957    208    222    30    667    734    90
958    485    95    10    281    351    90
959    97    385    30    537    598    90
960    462    367    20    481    545    90
961    455    365    20    235    306    90
962    492    95    30    815    877    90
963    405    450    20    311    376    90
964    371    193    20    133    185    90
965    234    202    10    389    440    90
966    404    103    20    464    530    90
967    24    41    10    557    601    90
968    67    334    20    532    600    90
969    207    227    10    48    112    90
970    277    403    10    395    464    90
971    15    457    20    462    534    90
972    217    319    10    789    851    90
973    111    467    20    597    647    90
974    378    493    30    426    487    90
975    112    465    10    685    743    90
976    173    25    20    952    1007    90
977    421    292    20    245    287    90
978    74    146    30    204    259    90
979    178    491    10    591    656    90
980    204    185    20    707    769    90
981    319    470    10    383    442    90
982    163    331    40    118    179    90
983    470    125    20    253    316    90
984    315    121    10    590    647    90
985    166    34    20    231    305    90
986    284    140    40    115    172    90
987    85    288    20    329    386    90
988    376    190    30    382    439    90
989    238    203    10    483    534    90
990    399    104    10    834    896    90
991    472    481    20    477    527    90
992    46    74    20    612    682    90
993    401    255    30    685    738    90
994    475    480    30    837    911    90
995    485    27    10    1231    1291    90
996    476    174    30    874    924    90
997    330    242    30    627    671    90
998    332    249    30    82    144    90
999    375    80    10    550    598    90
1000    94    235    20    227    266    90
1001    287    144    20    827    895    90
