CUST    NO.    XCOORD.    YCOORD.    DEMAND    READY    TIME    DUE    DATE    SERVICE    TIME
1    70    70    0    0    1351    0
2    33    78    20    600    960    90
3    59    52    20    397    757    90
4    10    137    30    89    449    90
5    4    28    10    459    819    90
6    25    26    20    62    422    90
7    86    37    10    325    685    90
8    1    109    10    468    828    90
9    6    135    40    189    549    90
10    32    79    20    508    868    90
11    24    26    20    65    425    90
12    86    36    20    234    594    90
13    95    35    10    44    404    90
14    63    50    10    210    570    90
15    100    106    10    416    776    90
16    99    112    20    698    1058    90
17    36    135    10    453    813    90
18    57    59    10    677    1037    90
19    8    124    10    84    444    90
20    85    106    20    40    400    90
21    103    69    30    33    393    90
22    109    131    20    72    432    90
23    43    140    10    260    620    90
24    115    134    30    78    438    90
25    98    70    10    309    669    90
26    112    67    10    318    678    90
27    102    104    20    49    409    90
28    93    75    30    28    388    90
29    90    104    20    697    1057    90
30    127    108    10    530    890    90
31    84    99    20    32    392    90
32    113    69    20    225    585    90
33    129    9    10    84    444    90
34    18    38    30    430    790    90
35    30    27    10    624    984    90
36    25    80    20    230    590    90
37    17    37    30    338    698    90
38    32    106    10    449    809    90
39    43    135    10    74    434    90
40    61    59    20    771    1131    90
41    104    106    20    232    592    90
42    109    71    20    39    399    90
43    121    110    30    716    1076    90
44    61    48    20    303    663    90
45    74    99    20    29    389    90
46    89    73    10    19    379    90
47    21    25    20    249    609    90
48    99    28    30    237    597    90
49    101    96    10    40    400    90
50    9    114    20    749    1109    90
51    121    112    20    69    429    90
52    137    6    10    465    825    90
53    118    131    20    639    999    90
54    34    82    10    784    1144    90
55    4    125    30    178    538    90
56    26    105    40    56    416    90
57    35    123    20    838    1198    90
58    21    48    10    53    413    90
59    21    115    10    161    521    90
60    99    108    20    792    1152    90
61    1    34    20    77    437    90
62    94    70    20    403    763    90
63    74    93    20    23    383    90
64    32    128    20    832    1192    90
65    94    73    10    586    946    90
66    135    3    20    95    455    90
67    97    28    20    49    409    90
68    59    56    20    583    943    90
69    80    97    10    307    667    90
70    134    31    20    357    717    90
71    103    34    30    426    786    90
72    30    79    20    416    776    90
73    4    30    40    551    911    90
74    87    39    20    35    395    90
75    90    101    10    790    1150    90
76    119    136    30    179    539    90
77    78    92    30    402    762    90
78    110    66    10    500    860    90
79    62    58    20    21    381    90
80    127    112    20    436    796    90
81    113    71    10    133    493    90
82    34    104    10    542    902    90
83    2    28    10    79    439    90
84    17    43    10    62    422    90
85    1    24    10    179    539    90
86    112    71    20    42    402    90
87    135    0    10    188    548    90
88    125    108    20    622    982    90
89    8    138    30    95    455    90
90    103    111    20    513    873    90
91    57    53    10    489    849    90
92    98    31    20    330    690    90
93    116    132    10    732    1092    90
94    28    99    10    51    411    90
95    137    3    20    372    732    90
96    29    28    10    715    1075    90
97    94    105    10    512    872    90
98    92    107    30    318    678    90
99    10    134    10    473    833    90
100    34    79    10    691    1051    90
101    94    72    20    495    855    90
102    35    76    10    35    395    90
103    76    99    20    121    481    90
104    127    28    30    70    430    90
105    8    119    20    79    439    90
106    102    110    10    604    964    90
107    24    24    10    435    795    90
108    64    61    20    864    1224    90
109    22    38    20    796    1156    90
110    88    72    30    772    1132    90
111    107    63    30    594    954    90
112    33    131    30    828    1188    90
113    123    112    20    252    612    90
114    67    55    10    15    375    90
115    39    128    10    65    425    90
116    136    0    30    279    639    90
117    93    36    20    41    401    90
118    7    115    10    656    1016    90
119    21    44    20    55    415    90
120    28    74    20    44    404    90
121    86    102    10    35    395    90
122    19    37    20    521    881    90
123    84    36    10    417    777    90
124    118    108    10    810    1170    90
125    132    24    10    168    528    90
126    6    25    10    365    725    90
127    28    78    10    324    684    90
128    2    132    10    375    735    90
129    22    22    10    342    702    90
130    88    35    20    141    501    90
131    94    104    10    603    963    90
132    74    96    30    26    386    90
133    0    117    30    370    730    90
134    99    96    10    38    398    90
135    119    114    20    65    425    90
136    28    107    20    60    420    90
137    133    12    10    656    1016    90
138    35    102    10    727    1087    90
139    36    105    20    634    994    90
140    84    39    20    510    870    90
141    34    138    20    547    907    90
142    136    29    10    264    624    90
143    33    133    20    736    1096    90
144    16    39    20    156    516    90
145    32    77    20    38    398    90
146    122    131    20    455    815    90
147    77    100    20    213    573    90
148    96    26    10    52    412    90
149    127    29    20    70    430    90
150    91    95    20    869    1229    90
151    42    136    10    166    526    90
152    36    132    10    360    720    90
153    103    106    30    141    501    90
154    107    105    10    325    685    90
155    96    74    10    214    574    90
156    63    57    10    14    374    90
157    122    113    20    160    520    90
158    14    131    10    568    928    90
159    30    31    20    808    1168    90
160    40    132    20    68    428    90
161    99    26    40    145    505    90
162    10    118    10    76    436    90
163    102    60    30    690    1050    90
164    120    136    10    270    630    90
165    97    29    30    49    409    90
166    19    39    10    613    973    90
167    27    77    10    137    497    90
168    30    24    20    531    891    90
169    126    112    10    345    705    90
170    105    110    20    421    781    90
171    118    114    10    65    425    90
172    135    6    30    91    451    90
173    111    66    20    409    769    90
174    95    77    10    121    481    90
175    139    10    30    559    919    90
176    61    54    10    115    475    90
177    16    38    20    247    607    90
178    16    138    10    86    446    90
179    91    78    10    22    382    90
180    91    71    20    679    1039    90
181    0    27    30    86    446    90
182    6    113    20    564    924    90
183    119    139    20    86    446    90
184    35    99    20    820    1180    90
185    31    112    20    261    621    90
186    5    119    20    274    634    90
187    3    135    20    282    642    90
188    30    136    10    641    1001    90
189    20    39    10    704    1064    90
190    131    11    10    748    1108    90
191    28    33    20    55    415    90
192    4    23    10    272    632    90
193    87    108    20    133    493    90
194    21    26    20    158    518    90
195    121    134    20    362    722    90
196    119    130    20    548    908    90
197    91    108    10    227    587    90
198    130    27    30    74    434    90
199    101    107    10    853    1213    90
200    34    108    10    356    716    90
201    131    31    20    450    810    90
