5    430    298    10    1562    1722    90
6    435    77    20    1002    1162    90
7    25    293    20    2964    3124    90
8    43    269    30    687    847    90
9    216    117    10    429    589    90
10    294    437    30    661    821    90
11    79    479    30    998    1158    90
12    365    18    20    2213    2373    90
13    225    125    20    127    287    90
14    448    103    30    3343    3503    90
15    143    266    10    402    562    90
16    252    347    10    2911    3071    90
17    403    390    10    2560    2720    90
18    67    153    20    912    1072    90
19    90    168    20    3080    3240    90
20    302    235    20    1043    1203    90
21    259    355    20    1917    2077    90
22    149    183    20    3108    3268    90
23    19    297    20    2282    2442    90
24    209    358    30    1477    1637    90
25    56    388    20    1791    1951    90
26    115    269    10    2956    3116    90
27    377    356    10    1846    2006    90
28    113    229    30    1123    1283    90
29    205    343    20    902    1062    90
30    48    137    20    1797    1957    90
31    467    157    20    2307    2467    90
32    220    394    10    2783    2943    90
33    436    54    20    1991    2151    90
34    54    357    10    1696    1856    90
35    456    154    10    238    398    90
36    216    307    20    2516    2676    90
37    280    224    10    2226    2386    90
38    90    270    10    565    725    90
39    166    452    20    599    759    90
40    17    283    20    2584    2744    90
41    196    192    30    2090    2250    90
42    94    275    10    469    629    90
43    292    445    10    1716    1876    90
44    329    471    30    2783    2943    90
45    326    57    20    1364    1524    90
46    95    466    10    3024    3184    90
47    429    282    20    3018    3178    90
48    229    364    10    2512    2672    90
49    457    160    10    2991    3151    90
50    452    154    30    332    492    90
51    113    289    10    162    322    90
52    67    387    10    2376    2536    90
53    368    17    20    2021    2181    90
54    341    367    30    2530    2690    90
55    410    364    30    1842    2002    90
56    80    281    10    1717    1877    90
57    321    224    30    2106    2266    90
58    73    395    20    1223    1383    90
59    259    76    10    928    1088    90
60    121    203    10    1792    1952    90
61    118    256    10    2519    2679    90
62    236    361    30    1713    1873    90
63    78    371    20    220    380    90
64    301    53    20    969    1129    90
65    382    197    20    640    800    90
66    491    160    20    1989    2149    90
67    453    164    10    3086    3246    90
68    277    371    30    595    755    90
69    272    212    20    2330    2490    90
70    386    218    20    1901    2061    90
71    353    32    10    905    1065    90
72    59    389    20    1698    1858    90
73    414    62    10    1686    1846    90
74    278    357    10    212    372    90
75    101    179    20    2412    2572    90
76    396    234    20    2390    2550    90
77    74    390    20    797    957    90
78    332    55    30    211    371    90
79    272    365    30    693    853    90
80    418    355    20    2037    2197    90
81    216    380    20    2300    2460    90
82    440    173    10    3282    3442    90
83    89    358    20    3471    3631    90
84    66    491    20    2070    2230    90
85    317    234    10    2479    2639    90
86    439    297    30    2043    2203    90
87    394    367    30    380    540    90
88    58    364    10    2262    2422    90
89    290    75    20    191    351    90
90    346    344    10    3212    3372    90
91    131    269    10    2388    2548    90
92    236    96    20    1604    1764    90
93    29    282    10    1410    1570    90
94    418    385    30    2757    2917    90
95    148    225    40    613    773    90
96    166    464    10    794    954    90
97    266    373    10    793    953    90
98    201    273    30    54    214    90
99    255    245    10    7    167    90
100    220    379    10    2394    2554    90
101    85    317    30    2607    2767    90
102    125    264    20    2855    3015    90
103    131    253    10    2809    2969    90
104    184    188    10    1260    1420    90
105    128    209    20    1093    1253    90
106    373    364    20    3170    3330    90
107    389    342    10    1145    1305    90
108    420    20    30    575    735    90
109    132    218    10    136    296    90
110    32    256    10    901    1061    90
111    406    339    20    295    455    90
112    191    397    20    263    423    90
113    72    341    10    2866    3026    90
114    35    308    30    3072    3232    90
115    169    360    20    2172    2332    90
116    222    381    20    2589    2749    90
117    96    292    10    862    1022    90
118    311    496    10    728    888    90
119    220    384    10    2683    2843    90
120    259    243    20    22    182    90
121    349    476    10    2483    2643    90
122    63    159    20    1009    1169    90
123    112    243    20    2321    2481    90
124    448    302    20    2327    2487    90
125    343    27    20    1196    1356    90
126    67    485    40    2166    2326    90
127    220    359    30    1424    1584    90
128    147    435    10    2111    2271    90
129    317    235    20    2570    2730    90
130    43    355    20    1595    1755    90
131    368    340    10    461    621    90
132    450    72    10    2561    2721    90
133    400    364    30    570    730    90
134    355    480    20    1616    1776    90
135    450    153    20    533    693    90
136    126    188    20    2098    2258    90
137    380    223    10    1614    1774    90
138    71    453    20    685    845    90
139    54    287    20    209    369    90
140    420    168    10    3393    3553    90
141    219    89    20    2692    2852    90
142    189    327    10    420    580    90
143    191    309    10    1430    1590    90
144    301    67    40    480    640    90
145    484    161    10    1696    1856    90
146    77    483    20    2539    2699    90
147    241    375    10    1998    2158    90
148    428    64    20    1201    1361    90
149    403    361    10    1452    1612    90
150    257    336    10    3106    3266    90
151    131    241    10    3378    3538    90
152    63    166    30    2502    2662    90
153    71    368    20    3257    3417    90
154    272    228    10    2033    2193    90
155    25    290    30    2871    3031    90
156    441    157    10    433    593    90
157    13    266    20    1204    1364    90
158    251    376    10    3186    3346    90
159    61    170    30    2408    2568    90
160    386    357    20    1433    1593    90
161    95    475    20    2925    3085    90
162    90    298    10    2104    2264    90
163    71    388    20    1505    1665    90
164    383    246    20    2868    3028    90
165    352    38    10    626    786    90
166    395    1    30    887    1047    90
167    120    210    20    1282    1442    90
168    46    383    30    1288    1448    90
169    202    198    30    2278    2438    90
170    358    365    30    2326    2486    90
171    191    352    20    117    277    90
172    470    152    30    1226    1386    90
173    228    124    20    141    301    90
174    402    230    10    2202    2362    90
175    323    229    10    1718    1878    90
176    331    486    10    2003    2163    90
177    112    208    10    1601    1761    90
178    172    435    30    3061    3221    90
179    326    498    10    1021    1181    90
180    460    183    10    2787    2947    90
181    95    279    20    375    535    90
182    76    456    30    780    940    90
183    242    350    10    2811    2971    90
184    152    196    10    212    372    90
185    268    351    10    1450    1610    90
186    360    356    10    2733    2893    90
187    39    296    20    1983    2143    90
188    262    368    30    1162    1322    90
189    204    90    20    1094    1254    90
190    149    273    20    212    372    90
191    446    86    10    3056    3216    90
192    139    269    20    1728    1888    90
193    483    170    30    2197    2357    90
194    39    278    10    1601    1761    90
195    201    307    10    1713    1873    90
196    395    378    10    1636    1796    90
197    139    262    30    1450    1610    90
198    176    447    20    311    471    90
199    67    380    20    2279    2439    90
200    35    358    20    1497    1657    90
201    294    455    30    2426    2586    90
202    351    33    20    721    881    90
203    216    316    20    2319    2479    90
204    261    96    40    447    607    90
205    238    57    30    1336    1496    90
206    383    18    20    1643    1803    90
207    152    460    10    1310    1470    90
208    94    479    20    2830    2990    90
209    337    453    30    2985    3145    90
210    135    460    10    1785    1945    90
211    260    104    20    157    317    90
212    337    63    30    2045    2205    90
213    32    247    20    802    962    90
214    394    205    10    445    605    90
215    95    294    10    770    930    90
216    253    241    20    2835    2995    90
217    223    90    30    2787    2947    90
218    64    473    10    1284    1444    90
219    275    431    10    1242    1402    90
220    261    84    10    734    894    90
221    176    296    20    1230    1390    90
222    361    349    10    3016    3176    90
223    168    433    20    3156    3316    90
224    394    10    40    1169    1329    90
225    308    60    20    776    936    90
226    94    456    20    3124    3284    90
227    73    484    20    2445    2605    90
228    277    434    20    1427    1587    90
229    119    232    10    1939    2099    90
230    78    375    10    314    474    90
231    366    346    20    648    808    90
232    125    181    20    2718    2878    90
233    69    493    20    1977    2137    90
234    432    80    40    908    1068    90
235    72    391    10    1412    1572    90
236    85    486    30    2638    2798    90
237    204    371    30    749    909    90
238    173    328    10    2481    2641    90
239    280    423    10    951    1111    90
240    200    327    30    3150    3310    90
241    241    98    20    2987    3147    90
242    96    356    10    186    346    90
243    332    491    30    1211    1371    90
244    81    283    10    1624    1784    90
245    373    22    10    2312    2472    90
246    255    371    40    2209    2369    90
247    358    359    20    2639    2799    90
248    216    93    10    2473    2633    90
249    73    360    20    2947    3107    90
250    305    212    20    1156    1316    90
251    151    462    10    1402    1562    90
252    47    389    30    1102    1262    90
253    155    198    30    118    278    90
254    152    457    10    1217    1377    90
255    329    48    10    1555    1715    90
256    88    394    10    727    887    90
257    153    295    20    3382    3542    90
258    81    373    10    590    750    90
259    163    453    10    693    853    90
260    378    25    10    2408    2568    90
261    401    385    20    2864    3024    90
262    184    340    10    2768    2928    90
263    402    362    20    1361    1521    90
264    70    482    20    2351    2511    90
265    357    445    20    3187    3347    90
266    212    71    20    1204    1364    90
267    231    81    30    2403    2563    90
268    379    208    10    835    995    90
269    236    95    30    2117    2277    90
270    386    344    20    1239    1399    90
271    189    200    10    1989    2149    90
272    296    253    10    834    994    90
273    73    303    10    2397    2557    90
274    30    162    10    2102    2262    90
275    230    95    20    1899    2059    90
276    57    131    10    1403    1563    90
277    379    245    10    2773    2933    90
278    107    221    40    534    694    90
279    154    458    20    1125    1285    90
280    290    417    10    182    342    90
281    272    243    30    125    285    90
282    94    130    10    601    761    90
283    222    356    20    1608    1768    90
284    243    108    20    3061    3221    90
285    224    93    20    2191    2351    90
286    155    242    10    886    1046    90
287    440    302    20    1279    1439    90
288    221    102    20    2858    3018    90
289    52    484    10    1681    1841    90
290    111    244    10    2229    2389    90
291    132    273    10    2203    2363    90
292    228    186    20    269    429    90
293    221    374    30    1130    1290    90
294    406    286    10    3314    3474    90
295    390    9    30    1263    1423    90
296    335    52    20    1761    1921    90
297    189    368    20    144    304    90
298    397    40    40    2491    2651    90
299    408    305    10    419    579    90
300    156    434    10    2865    3025    90
301    180    335    20    2581    2741    90
302    327    483    20    2098    2258    90
303    363    62    20    3264    3424    90
304    375    342    10    939    1099    90
305    16    280    10    2767    2927    90
306    277    431    30    1334    1494    90
307    110    241    20    2136    2296    90
308    48    385    20    1008    1168    90
309    152    260    10    98    258    90
310    255    120    10    130    290    90
311    214    382    30    2491    2651    90
312    414    384    10    2662    2822    90
313    232    378    20    2194    2354    90
314    80    141    30    494    654    90
315    188    330    30    513    673    90
316    157    192    20    3210    3370    90
317    101    237    20    1831    1991    90
318    74    360    40    2856    3016    90
319    267    260    20    509    669    90
320    378    46    30    3090    3250    90
321    420    311    30    893    1053    90
322    384    217    20    1809    1969    90
323    418    300    10    611    771    90
324    356    77    20    2249    2409    90
325    253    244    20    2742    2902    90
326    323    258    10    1328    1488    90
327    293    454    20    2611    2771    90
328    231    97    20    2887    3047    90
329    316    234    10    2661    2821    90
330    207    196    20    2565    2725    90
331    321    228    30    2200    2360    90
332    382    17    20    1734    1894    90
333    206    326    30    3246    3406    90
334    198    284    10    76    236    90
335    137    186    10    2912    3072    90
336    229    396    30    2882    3042    90
337    268    235    10    1842    2002    90
338    95    243    20    759    919    90
339    297    430    20    378    538    90
340    393    368    10    472    632    90
341    66    391    20    1601    1761    90
342    189    339    50    2863    3023    90
343    280    351    30    116    276    90
344    241    77    30    1225    1385    90
345    134    265    20    2666    2826    90
346    420    95    30    345    505    90
347    111    279    30    141    301    90
348    367    358    30    2133    2293    90
349    239    373    10    1905    2065    90
350    384    235    20    2672    2832    90
351    284    360    30    309    469    90
352    325    75    30    2370    2530    90
353    279    369    10    502    662    90
354    340    449    10    3080    3240    90
355    275    448    10    2902    3062    90
356    447    88    20    2963    3123    90
357    314    279    10    270    430    90
358    434    377    10    2345    2505    90
359    67    377    10    2186    2346    90
360    370    353    10    746    906    90
361    57    367    20    2169    2329    90
362    332    486    20    1912    2072    90
363    386    361    30    1527    1687    90
364    55    282    40    305    465    90
365    317    467    20    424    584    90
366    335    54    30    1853    2013    90
367    348    466    20    2583    2743    90
368    132    314    30    3214    3374    90
369    328    216    10    1912    2072    90
370    416    48    10    1880    2040    90
371    370    55    10    2886    3046    90
372    149    434    30    2203    2363    90
373    466    169    30    2502    2662    90
374    141    267    10    1635    1795    90
375    258    350    20    1822    1982    90
376    428    312    10    1084    1244    90
377    211    188    10    660    820    90
378    50    343    10    2754    2914    90
379    107    311    40    2813    2973    90
380    178    441    20    215    375    90
381    232    85    10    2309    2469    90
382    391    23    10    2698    2858    90
383    137    227    20    115    275    90
384    161    203    20    100    260    90
385    363    212    30    3274    3434    90
386    384    346    20    1331    1491    90
387    166    434    40    2965    3125    90
388    274    248    20    310    470    90
389    156    421    30    3355    3515    90
390    346    211    10    103    263    90
391    265    358    20    1352    1512    90
392    96    407    20    434    594    90
393    443    70    20    2464    2624    90
394    125    212    10    1187    1347    90
395    361    337    50    363    523    90
396    322    78    20    2464    2624    90
397    481    156    20    1600    1760    90
398    188    293    30    837    997    90
399    76    408    30    1020    1180    90
400    130    304    10    3175    3335    90
401    378    363    30    1749    1909    90
402    185    301    20    1330    1490    90
403    385    235    10    2581    2741    90
404    261    350    10    1729    1889    90
405    389    33    20    2983    3143    90
406    151    214    10    511    671    90
407    265    94    10    258    418    90
408    65    164    20    2595    2755    90
409    293    81    10    174    334    90
410    363    55    10    2983    3143    90
411    465    176    20    2599    2759    90
412    428    298    30    1654    1814    90
413    75    379    30    2567    2727    90
414    404    378    10    857    1017    90
415    203    203    10    2850    3010    90
416    259    88    20    545    705    90
417    362    17    10    1884    2044    90
418    320    258    20    564    724    90
419    59    358    20    2358    2518    90
420    316    453    20    224    384    90
421    225    192    20    74    234    90
422    140    206    30    408    568    90
423    83    151    10    300    460    90
424    366    196    10    139    299    90
425    108    245    20    1730    1890    90
426    129    267    10    2480    2640    90
427    57    379    20    907    1067    90
428    329    56    20    1457    1617    90
429    213    363    30    1234    1394    90
430    76    391    30    1318    1478    90
431    330    259    30    1231    1391    90
432    136    217    30    898    1058    90
433    165    333    20    2381    2541    90
434    160    431    30    3254    3414    90
435    338    489    30    1308    1468    90
436    335    64    10    1953    2113    90
437    412    361    10    1748    1908    90
438    259    90    30    637    797    90
439    265    77    20    832    992    90
440    460    173    20    2887    3047    90
441    83    301    20    2297    2457    90
442    201    331    20    707    867    90
443    118    214    20    240    400    90
444    395    30    20    2796    2956    90
445    125    444    10    1997    2157    90
446    283    248    30    33    193    90
447    391    334    20    1047    1207    90
448    212    215    20    3160    3320    90
449    276    428    20    1048    1208    90
450    96    152    20    197    357    90
451    425    85    10    536    696    90
452    336    7    10    1584    1744    90
453    196    219    30    3054    3214    90
454    210    94    20    997    1157    90
455    310    81    30    2846    3006    90
456    341    37    20    434    594    90
457    344    478    20    2296    2456    90
458    406    37    40    275    435    90
459    69    346    10    2962    3122    90
460    80    376    40    407    567    90
461    314    449    30    209    369    90
462    209    201    30    2753    2913    90
463    88    379    20    689    849    90
464    352    500    30    1505    1665    90
465    65    357    10    2454    2614    90
466    345    15    20    1482    1642    90
467    125    245    20    3002    3162    90
468    52    369    30    2073    2233    90
469    449    140    20    730    890    90
470    430    310    30    1176    1336    90
471    109    325    20    3008    3168    90
472    446    139    20    637    797    90
473    229    214    20    41    201    90
474    197    301    10    183    343    90
475    146    245    20    696    856    90
476    401    368    20    664    824    90
477    116    259    20    2613    2773    90
478    374    55    30    2792    2952    90
479    249    251    20    3036    3196    90
480    325    490    10    923    1083    90
481    59    159    10    1103    1263    90
482    186    177    20    1361    1521    90
483    319    229    10    2292    2452    90
484    26    269    30    1005    1165    90
485    53    139    30    1214    1374    90
486    471    154    20    1319    1479    90
487    301    247    10    3238    3398    90
488    388    220    20    1423    1583    90
489    235    81    20    1450    1610    90
490    347    479    10    2389    2549    90
491    367    59    10    3169    3329    90
492    261    370    30    1069    1229    90
493    441    287    40    2915    3075    90
494    44    153    30    1995    2155    90
495    263    351    10    1545    1705    90
496    444    157    10    215    375    90
497    374    17    10    1925    2085    90
498    448    295    10    2724    2884    90
499    446    297    10    2232    2392    90
500    347    40    30    530    690    90
501    318    493    10    825    985    90
502    399    352    10    1260    1420    90
503    51    364    10    1887    2047    90
504    250    217    40    2534    2694    90
505    107    225    30    440    600    90
506    173    208    30    1881    2041    90
507    204    189    10    2378    2538    90
508    399    379    20    2960    3120    90
509    79    346    10    3150    3310    90
510    360    338    10    272    432    90
511    390    17    30    1453    1613    90
512    207    337    20    805    965    90
513    409    361    30    1057    1217    90
514    206    377    20    559    719    90
515    429    294    10    1943    2103    90
516    375    31    20    2185    2345    90
517    426    80    20    722    882    90
518    74    374    20    2662    2822    90
519    408    20    30    473    633    90
520    239    369    30    1811    1971    90
521    420    308    30    709    869    90
522    254    357    20    2012    2172    90
523    53    297    30    3300    3460    90
524    434    382    30    2250    2410    90
525    204    171    20    958    1118    90
526    173    169    10    1558    1718    90
527    190    332    20    606    766    90
528    274    231    30    2126    2286    90
529    207    194    10    2473    2633    90
530    315    232    10    2753    2913    90
531    425    87    20    444    604    90
532    312    64    20    582    742    90
533    129    244    30    2908    3068    90
534    278    230    10    1466    1626    90
535    351    75    10    2154    2314    90
536    185    293    10    930    1090    90
537    364    364    20    2230    2390    90
538    432    369    10    2147    2307    90
539    128    249    20    1343    1503    90
540    221    179    20    369    529    90
541    194    296    20    650    810    90
542    413    350    10    1557    1717    90
543    214    372    10    943    1103    90
544    379    229    10    1045    1205    90
545    91    298    10    2013    2173    90
546    226    120    30    235    395    90
547    344    46    30    1660    1820    90
548    238    84    10    1634    1794    90
549    138    276    10    1915    2075    90
550    346    487    10    1808    1968    90
551    95    160    10    179    339    90
552    103    266    30    1062    1222    90
553    98    286    30    1337    1497    90
554    77    172    20    2976    3136    90
555    147    199    30    308    468    90
556    210    98    10    721    881    90
557    428    292    10    1851    2011    90
558    121    236    10    2034    2194    90
559    336    479    20    2198    2358    90
560    203    369    10    841    1001    90
561    296    232    10    1268    1428    90
562    87    369    10    201    361    90
563    247    88    30    1924    2084    90
564    104    246    10    1353    1513    90
565    67    302    30    2493    2653    90
566    114    296    40    259    419    90
567    394    356    30    189    349    90
568    192    306    20    1523    1683    90
569    16    285    30    2492    2652    90
570    419    310    10    802    962    90
571    389    221    10    1332    1492    90
572    129    264    20    2761    2921    90
573    172    483    30    904    1064    90
574    325    251    20    1425    1585    90
575    151    436    10    2386    2546    90
576    263    91    20    352    512    90
577    401    15    20    685    845    90
578    253    382    10    3090    3250    90
579    247    89    20    2015    2175    90
580    283    229    30    1371    1531    90
581    366    341    20    553    713    90
582    392    213    20    2092    2252    90
583    167    304    20    207    367    90
584    477    154    10    1506    1666    90
585    234    383    10    2099    2259    90
586    199    327    10    3059    3219    90
587    140    220    30    803    963    90
588    144    266    30    311    471    90
589    432    105    10    3432    3592    90
590    368    325    30    139    299    90
591    202    386    20    369    529    90
592    325    246    10    1520    1680    90
593    430    86    20    2766    2926    90
594    200    195    20    2185    2345    90
595    440    295    30    2136    2296    90
596    77    287    10    1905    2065    90
597    187    362    20    1786    1946    90
598    131    207    20    999    1159    90
599    405    5    20    786    946    90
600    125    226    20    1389    1549    90
601    254    335    10    3013    3173    90
602    212    168    20    860    1020    90
603    281    279    20    714    874    90
604    326    241    20    1615    1775    90
605    152    241    20    793    953    90
606    71    139    30    807    967    90
607    46    277    10    589    749    90
608    393    13    20    1358    1518    90
609    87    454    40    882    1042    90
610    86    359    10    3255    3415    90
611    220    192    20    169    329    90
612    426    279    30    3112    3272    90
613    131    267    10    2572    2732    90
614    200    297    30    553    713    90
615    299    442    10    1904    2064    90
616    265    218    20    2429    2589    90
617    398    231    20    2296    2456    90
618    312    74    20    2749    2909    90
619    99    307    20    2714    2874    90
620    22    283    30    1313    1473    90
621    67    160    10    2690    2850    90
622    390    42    20    2588    2748    90
623    44    279    10    496    656    90
624    200    182    10    1153    1313    90
625    458    303    20    2531    2691    90
626    298    438    10    567    727    90
627    62    301    20    3400    3560    90
628    112    251    10    1633    1793    90
629    184    354    30    1976    2136    90
630    140    180    20    3009    3169    90
631    269    428    20    1145    1305    90
632    123    206    10    1885    2045    90
633    36    284    10    1698    1858    90
634    272    233    10    1747    1907    90
635    320    231    20    2384    2544    90
636    211    180    20    758    918    90
637    114    169    20    2612    2772    90
638    245    239    20    2933    3093    90
639    117    204    30    1698    1858    90
640    316    254    20    750    910    90
641    169    443    30    500    660    90
642    212    96    10    904    1064    90
643    119    285    40    3063    3223    90
644    71    163    20    2785    2945    90
645    78    361    10    3448    3608    90
646    354    219    10    3375    3535    90
647    389    233    20    2487    2647    90
648    90    391    10    541    701    90
649    209    307    10    1811    1971    90
650    363    351    20    2923    3083    90
651    405    47    10    255    415    90
652    278    329    10    83    243    90
653    261    371    20    978    1138    90
654    302    470    20    2227    2387    90
655    373    205    40    334    494    90
656    381    20    20    1828    1988    90
657    90    277    30    662    822    90
658    46    341    10    2659    2819    90
659    50    138    20    1889    2049    90
660    61    437    20    265    425    90
661    331    252    10    1134    1294    90
662    440    81    20    2665    2825    90
663    384    206    20    739    899    90
664    232    87    30    1504    1664    90
665    59    471    20    1484    1644    90
666    174    304    20    110    270    90
667    106    248    20    1446    1606    90
668    410    287    20    3220    3380    90
669    206    313    20    2091    2251    90
670    412    367    20    960    1120    90
671    412    300    20    515    675    90
672    206    295    10    2809    2969    90
673    329    459    10    2885    3045    90
674    177    436    20    199    359    90
675    266    264    30    603    763    90
676    308    235    10    3135    3295    90
677    260    330    40    3203    3363    90
678    49    136    10    1705    1865    90
679    356    28    20    1000    1160    90
680    428    384    10    2444    2604    90
681    220    362    20    1331    1491    90
682    437    61    20    2088    2248    90
683    365    360    20    2040    2200    90
684    107    168    20    2515    2675    90
685    220    177    20    461    621    90
686    347    21    20    1386    1546    90
687    293    245    10    3430    3590    90
688    267    436    30    3007    3167    90
689    216    96    10    2566    2726    90
690    383    351    20    167    327    90
691    289    240    20    939    1099    90
692    129    185    20    2814    2974    90
693    291    450    10    2705    2865    90
694    387    21    10    1548    1708    90
695    116    255    20    1239    1399    90
696    50    368    30    1981    2141    90
697    121    249    20    2421    2581    90
698    404    346    10    1163    1323    90
699    77    360    10    3357    3517    90
700    447    102    10    3252    3412    90
701    366    16    20    1978    2138    90
702    348    16    30    1780    1940    90
703    353    346    20    3114    3274    90
704    54    485    30    1773    1933    90
705    319    77    30    2558    2718    90
706    83    282    10    1532    1692    90
707    384    24    10    2601    2761    90
708    52    469    20    1387    1547    90
709    199    200    10    2945    3105    90
710    273    234    10    1656    1816    90
711    16    281    10    2676    2836    90
712    151    442    20    2482    2642    90
713    223    114    20    332    492    90
714    191    308    20    82    242    90
715    448    297    10    2632    2792    90
716    386    28    20    2507    2667    90
717    106    295    20    1053    1213    90
718    387    224    30    1517    1677    90
719    96    377    10    224    384    90
720    86    361    20    3347    3507    90
721    211    107    10    531    691    90
722    43    125    30    1603    1763    90
723    369    351    20    838    998    90
724    388    228    10    1235    1395    90
725    325    228    20    1810    1970    90
726    490    159    20    1897    2057    90
727    420    78    20    1398    1558    90
728    396    4    10    1073    1233    90
729    222    317    30    2415    2575    90
730    389    198    20    543    703    90
731    322    454    20    320    480    90
732    241    391    30    2985    3145    90
733    256    117    20    3167    3327    90
734    298    255    10    151    311    90
735    74    363    40    2763    2923    90
736    345    496    20    1407    1567    90
737    167    169    20    1654    1814    90
738    23    306    20    2182    2342    90
739    317    62    20    677    837    90
740    319    257    20    656    816    90
741    129    255    10    2716    2876    90
742    59    377    20    2088    2248    90
743    138    272    20    1821    1981    90
744    317    251    30    940    1100    90
745    279    436    20    1519    1679    90
746    371    207    10    241    401    90
747    263    372    10    886    1046    90
748    50    347    10    2562    2722    90
749    275    236    20    1563    1723    90
750    334    47    20    331    491    90
751    50    383    10    1889    2049    90
752    170    338    20    2284    2444    90
753    245    109    20    3089    3249    90
754    69    475    30    1189    1349    90
755    54    372    20    1991    2151    90
756    198    334    20    2203    2363    90
757    380    228    30    1137    1297    90
758    425    118    10    219    379    90
759    80    398    10    826    986    90
760    366    57    20    3076    3236    90
761    67    463    30    584    744    90
762    226    86    10    2595    2755    90
763    59    480    10    1583    1743    90
764    40    378    20    1386    1546    90
765    250    367    20    2113    2273    90
766    157    436    20    2773    2933    90
767    463    161    30    2403    2563    90
768    266    250    10    409    569    90
769    51    162    20    2213    2373    90
770    194    353    20    1371    1531    90
771    383    41    20    2685    2845    90
772    247    82    30    1828    1988    90
773    457    142    20    829    989    90
774    244    94    20    1795    1955    90
775    441    63    20    2274    2434    90
776    244    371    20    2310    2470    90
777    174    444    10    405    565    90
778    94    247    30    853    1013    90
779    320    225    20    2014    2174    90
780    316    80    30    2652    2812    90
781    155    447    20    2672    2832    90
782    211    308    30    1903    2063    90
783    297    442    20    1812    1972    90
784    200    342    10    997    1157    90
785    44    325    20    3181    3341    90
786    438    60    30    2180    2340    90
787    80    374    20    499    659    90
788    59    163    20    2311    2471    90
789    236    92    10    2210    2370    90
790    414    66    30    1592    1752    90
791    34    279    20    1506    1666    90
792    475    156    40    1413    1573    90
793    404    310    20    165    325    90
794    367    239    20    3156    3316    90
795    210    359    10    1568    1728    90
796    133    278    10    2010    2170    90
797    446    169    10    3185    3345    90
798    188    356    20    1882    2042    90
799    312    252    20    845    1005    90
800    69    485    10    2258    2418    90
801    413    353    10    1650    1810    90
802    54    446    20    287    447    90
803    56    357    10    1788    1948    90
804    230    105    10    2958    3118    90
805    196    302    20    274    434    90
806    391    373    10    3060    3220    90
807    101    295    30    958    1118    90
808    234    350    10    2617    2777    90
809    215    108    20    2760    2920    90
810    142    457    10    1593    1753    90
811    283    425    20    858    1018    90
812    77    397    10    919    1079    90
813    105    317    10    2909    3069    90
814    382    213    20    1715    1875    90
815    213    76    20    1300    1460    90
816    417    56    20    1782    1942    90
817    183    340    10    2677    2837    90
818    123    242    20    3190    3350    90
819    475    136    20    1029    1189    90
820    377    246    20    3054    3214    90
821    310    484    30    626    786    90
822    47    280    10    403    563    90
823    57    456    20    388    548    90
824    313    266    20    373    533    90
825    475    145    30    1128    1288    90
826    400    376    40    762    922    90
827    290    416    30    170    330    90
828    277    369    30    410    570    90
829    91    303    20    2199    2359    90
830    194    301    30    366    526    90
831    254    238    30    2646    2806    90
832    215    91    30    2290    2450    90
833    500    162    20    2088    2248    90
834    56    287    20    197    357    90
835    289    452    20    2798    2958    90
836    378    326    30    160    320    90
837    197    350    30    1186    1346    90
838    243    88    20    1731    1891    90
839    250    72    20    1125    1285    90
840    101    290    20    1150    1310    90
841    351    480    30    1710    1870    90
842    67    357    10    3044    3204    90
843    128    240    10    3285    3445    90
844    253    81    10    1026    1186    90
845    307    227    30    2853    3013    90
846    233    441    20    3225    3385    90
847    311    47    10    1070    1230    90
848    292    456    20    2518    2678    90
849    183    187    20    1768    1928    90
850    392    31    20    2890    3050    90
851    103    251    10    1258    1418    90
852    300    443    10    1996    2156    90
853    420    295    10    1752    1912    90
854    427    64    30    1292    1452    90
855    372    354    30    1941    2101    90
856    101    263    20    1156    1316    90
857    141    454    20    1686    1846    90
858    146    461    20    1497    1657    90
859    298    430    30    469    629    90
860    148    270    10    119    279    90
861    76    287    20    1814    1974    90
862    308    55    30    871    1031    90
863    143    257    10    501    661    90
864    393    2    30    979    1139    90
865    385    28    10    2286    2446    90
866    204    291    20    2903    3063    90
867    132    272    30    2294    2454    90
868    206    379    10    467    627    90
869    69    383    10    2470    2630    90
870    245    96    20    1703    1863    90
871    431    301    10    1468    1628    90
872    448    94    20    3154    3314    90
873    199    305    30    1620    1780    90
874    95    356    10    3447    3607    90
875    328    498    20    1113    1273    90
876    108    222    10    1497    1657    90
877    341    26    10    1288    1448    90
878    63    454    10    484    644    90
879    222    357    30    1517    1677    90
880    416    364    20    1938    2098    90
881    127    278    10    2106    2266    90
882    140    252    20    597    757    90
883    218    298    30    2706    2866    90
884    432    87    10    2858    3018    90
885    216    300    30    2613    2773    90
886    438    72    10    1098    1258    90
887    184    178    10    1454    1614    90
888    345    468    10    2677    2837    90
889    150    435    20    2295    2455    90
890    395    365    30    288    448    90
891    208    371    20    655    815    90
892    190    292    10    745    905    90
893    78    479    30    1089    1249    90
894    104    198    20    2303    2463    90
895    346    13    20    1686    1846    90
896    47    388    20    1193    1353    90
897    315    57    20    1171    1331    90
898    110    199    10    2207    2367    90
899    323    60    10    1270    1430    90
900    308    82    30    2939    3099    90
901    216    374    30    1035    1195    90
902    326    253    10    1039    1199    90
903    308    232    30    2948    3108    90
904    118    223    10    339    499    90
905    149    444    20    2575    2735    90
906    95    395    30    332    492    90
907    117    319    10    3108    3268    90
908    262    352    10    1636    1796    90
909    468    135    10    932    1092    90
910    351    31    20    813    973    90
911    361    15    20    2118    2278    90
912    195    300    10    458    618    90
913    397    27    20    2388    2548    90
914    179    311    10    311    471    90
915    77    133    10    709    869    90
916    66    397    10    1125    1285    90
917    366    352    10    2830    2990    90
918    221    87    20    1403    1563    90
919    347    23    30    1100    1260    90
920    176    358    10    2075    2235    90
921    229    78    20    2496    2656    90
922    272    246    10    218    378    90
923    293    67    20    290    450    90
924    140    265    40    1543    1703    90
925    238    83    20    1543    1703    90
926    136    296    30    3275    3435    90
927    218    98    30    2002    2162    90
928    290    440    40    1621    1781    90
929    29    302    20    2085    2245    90
930    290    425    30    280    440    90
931    124    247    20    3095    3255    90
932    442    287    30    2824    2984    90
933    294    64    10    383    543    90
934    74    165    10    2878    3038    90
935    382    245    20    2959    3119    90
936    405    24    10    378    538    90
937    211    97    20    812    972    90
938    88    390    30    633    793    90
939    37    295    20    1891    2051    90
940    359    371    10    2422    2582    90
941    186    372    20    1685    1845    90
942    116    446    20    1898    2058    90
943    293    249    10    53    213    90
944    83    228    20    649    809    90
945    96    269    10    965    1125    90
946    179    284    30    1031    1191    90
947    368    219    20    940    1100    90
948    66    359    20    3157    3317    90
949    189    338    10    2954    3114    90
950    163    277    10    3492    3652    90
951    5    296    10    2386    2546    90
952    152    478    20    1015    1175    90
953    366    34    10    2086    2246    90
954    429    80    20    815    975    90
955    464    178    10    2691    2851    90
956    138    196    30    1993    2153    90
957    87    481    10    2733    2893    90
958    425    99    20    248    408    90
959    241    362    10    2410    2570    90
960    207    289    20    2997    3157    90
961    264    365    10    1255    1415    90
962    102    289    20    1242    1402    90
963    233    346    20    2711    2871    90
964    78    141    30    402    562    90
965    196    348    10    1094    1254    90
966    216    92    20    2382    2542    90
967    444    309    20    2425    2585    90
968    313    263    20    466    626    90
969    211    198    30    2660    2820    90
970    314    436    10    2101    2261    90
971    217    189    20    564    724    90
972    197    178    20    1058    1218    90
973    60    497    10    1877    2037    90
974    206    312    40    2000    2160    90
975    197    351    20    1277    1437    90
976    305    233    20    3041    3201    90
977    297    250    30    3333    3493    90
978    71    348    10    3055    3215    90
979    11    269    10    1110    1270    90
980    247    447    10    3120    3280    90
981    386    213    20    1996    2156    90
982    292    434    10    755    915    90
983    436    301    20    1373    1533    90
984    145    221    20    708    868    90
985    224    96    40    2098    2258    90
986    59    128    20    1496    1656    90
987    489    150    50    1798    1958    90
988    152    225    30    994    1154    90
989    426    85    10    627    787    90
990    415    73    20    1495    1655    90
991    440    70    10    2371    2531    90
992    320    476    30    523    683    90
993    57    132    10    1312    1472    90
994    405    311    30    177    337    90
995    109    250    10    1540    1700    90
996    428    314    20    992    1152    90
997    40    288    20    1793    1953    90
998    175    282    10    1126    1286    90
999    298    456    30    2332    2492    90
1000    208    101    10    627    787    90
1001    342    52    10    232    392    90
