CUST    NO.    XCOORD.    YCOORD.    DEMAND    READY    TIME    DUE    DATE    SERVICE    TIME
1    70    70    0    0    3598    0
2    38    105    20    2629    3147    90
3    100    5    20    424    1073    90
4    111    78    10    881    1322    90
5    96    62    10    2668    3125    90
6    122    11    30    1754    2251    90
7    94    18    30    143    562    90
8    60    89    10    2357    2998    90
9    67    123    20    704    1269    90
10    99    53    20    1667    2128    90
11    26    24    20    63    539    90
12    93    61    10    2690    3290    90
13    27    32    20    1029    1549    90
14    25    31    20    875    1519    90
15    98    36    10    2900    3423    90
16    101    68    10    847    1147    90
17    49    48    10    1216    1749    90
18    56    95    10    2361    2800    90
19    14    107    20    682    1148    90
20    98    46    20    1648    2341    90
21    131    4    40    1496    1938    90
22    94    89    20    2627    3122    90
23    70    113    30    1177    1584    90
24    94    59    30    2770    3395    90
25    64    59    10    1747    2253    90
26    112    3    10    1149    1701    90
27    20    108    10    596    1043    90
28    10    118    20    1350    1842    90
29    76    65    40    7    571    90
30    103    12    20    429    872    90
31    44    62    30    963    1430    90
32    96    138    10    1904    2232    90
33    27    44    20    1186    1786    90
34    21    28    40    792    1412    90
35    26    91    10    2933    3429    90
36    98    75    10    487    1119    90
37    69    48    20    2889    3486    90
38    19    116    10    1886    2306    90
39    60    111    10    252    760    90
40    54    102    20    35    646    90
41    63    103    20    33    556    90
42    91    91    10    273    734    90
43    77    15    10    55    498    90
44    77    117    30    1422    1902    90
45    115    41    20    2542    2994    90
46    12    33    10    652    1169    90
47    44    82    20    627    1137    90
48    117    55    20    1268    1561    90
49    116    10    20    1047    1425    90
50    57    77    20    1933    2467    90
51    29    36    20    1398    1770    90
52    90    91    10    2595    3344    90
53    62    73    20    2889    3410    90
54    6    121    20    1401    1982    90
55    105    49    10    2199    2610    90
56    28    115    10    2211    2758    90
57    4    137    30    1638    1958    90
58    11    100    20    720    1306    90
59    67    84    30    2676    3238    90
60    23    22    20    161    714    90
61    41    64    20    807    1400    90
62    56    56    40    1327    1840    90
63    80    40    20    1545    2040    90
64    60    66    30    129    477    90
65    16    90    20    57    556    90
66    104    82    30    432    977    90
67    64    78    10    2809    3300    90
68    47    36    20    41    536    90
69    46    80    20    2986    3482    90
70    86    124    20    1639    2083    90
71    48    72    20    474    901    90
72    121    9    10    1571    2066    90
73    60    52    20    1437    1921    90
74    25    46    20    1148    1638    90
75    26    15    20    1828    2330    90
76    98    116    30    2311    2842    90
77    66    131    10    626    1150    90
78    15    30    20    784    1226    90
79    66    117    30    894    1270    90
80    111    70    20    2601    2978    90
81    123    19    20    2046    2535    90
82    17    18    30    1950    2592    90
83    57    87    10    2258    2707    90
84    102    33    30    2819    3314    90
85    7    113    10    1199    1802    90
86    37    115    20    2296    2871    90
87    17    25    10    286    782    90
88    83    105    30    2083    2673    90
89    51    115    10    2498    2876    90
90    96    55    20    1476    1942    90
91    112    2    20    1295    1738    90
92    116    23    20    2294    2843    90
93    57    70    10    1834    2372    90
94    15    23    30    434    819    90
95    45    68    30    205    798    90
96    19    41    10    2794    3338    90
97    38    16    10    1469    1923    90
98    81    135    20    1719    2208    90
99    62    128    20    564    1022    90
100    49    70    20    295    897    90
101    24    19    10    1884    2463    90
102    119    20    10    2182    2767    90
103    62    125    30    512    888    90
104    29    10    30    1684    2103    90
105    13    80    30    57    574    90
106    65    73    10    2926    3503    90
107    109    25    10    2619    3130    90
108    91    71    10    21    615    90
109    47    57    30    1006    1579    90
110    9    42    20    2503    3036    90
111    96    23    30    53    478    90
112    26    102    40    2740    3241    90
113    4    15    20    2129    2813    90
114    3    98    10    906    1317    90
115    35    88    20    2973    3469    90
116    18    107    10    381    890    90
117    95    68    20    575    1227    90
118    58    85    10    2179    2600    90
119    11    23    10    583    859    90
120    61    107    10    169    654    90
121    3    17    10    2273    2854    90
122    26    104    10    2061    2521    90
123    74    56    10    1628    2170    90
124    24    105    10    1902    2494    90
125    30    106    30    2194    2575    90
126    4    33    20    2334    3005    90
127    106    0    10    748    1332    90
128    120    10    20    1676    2145    90
129    106    5    30    877    1393    90
130    30    58    20    2877    3467    90
131    9    9    10    2113    2634    90
132    7    92    20    947    1470    90
133    50    29    10    45    546    90
134    46    52    10    1117    1658    90
135    70    110    30    1052    1524    90
136    37    111    20    2502    3082    90
137    75    64    20    7    590    90
138    20    93    10    55    643    90
139    94    1    10    553    1139    90
140    41    12    10    1483    2098    90
141    20    109    10    507    949    90
142    28    14    20    1768    2206    90
143    87    63    30    18    607    90
144    101    4    10    699    1188    90
145    80    22    10    49    649    90
146    117    10    10    1092    1561    90
147    103    33    10    1864    2332    90
148    104    51    20    2296    2696    90
149    103    19    30    199    909    90
150    7    52    20    2659    3080    90
151    73    119    30    1343    1791    90
152    79    128    30    1519    2008    90
153    10    50    20    2773    3154    90
154    26    23    50    64    683    90
155    95    103    20    2529    3012    90
156    101    59    30    1350    1875    90
157    113    67    20    2462    2930    90
158    25    94    10    2809    3367    90
159    120    20    20    2110    2657    90
160    105    26    30    2759    3178    90
161    59    77    20    2071    2513    90
162    116    34    20    2090    2502    90
163    45    71    10    458    1105    90
164    86    109    10    2168    2778    90
165    15    96    10    220    660    90
166    64    88    30    2627    3098    90
167    60    115    20    350    850    90
168    63    100    10    30    691    90
169    94    104    30    2491    2867    90
170    8    102    10    1057    1560    90
171    64    89    10    2458    3084    90
172    61    66    10    69    354    90
173    95    121    10    2067    2469    90
174    47    63    30    260    551    90
175    19    96    10    203    865    90
176    103    55    20    1246    1790    90
177    36    94    30    2881    3467    90
178    75    103    20    983    1395    90
179    65    80    10    11    628    90
180    94    56    30    1548    2054    90
181    18    123    20    1774    2224    90
182    92    123    10    1893    2455    90
183    12    31    20    622    1016    90
184    106    81    20    428    795    90
185    98    28    10    173    733    90
186    14    133    30    1551    2246    90
187    101    32    20    1885    2497    90
188    25    66    10    758    1235    90
189    78    61    40    12    417    90
190    123    64    20    1077    1551    90
191    126    20    20    1933    2462    90
192    72    117    10    1303    1648    90
193    10    105    20    1243    1562    90
194    128    0    10    1315    1930    90
195    130    16    30    1819    2385    90
196    114    63    10    2327    2877    90
197    80    63    20    12    651    90
198    113    36    10    2405    2939    90
199    15    94    30    80    616    90
200    129    77    10    999    1419    90
201    85    85    20    132    678    90
