CUST    NO.    XCOORD.    YCOORD.    DEMAND    READY    TIME    DUE    DATE    SERVICE    TIME
1    70    70    0    0    3598    0
2    38    105    20    0    3461    90
3    100    5    20    668    828    90
4    111    78    10    0    3467    90
5    96    62    10    0    3481    90
6    122    11    30    0    3430    90
7    94    18    30    0    3451    90
8    60    89    10    2597    2757    90
9    67    123    20    906    1066    90
10    99    53    20    0    3475    90
11    26    24    20    0    3445    90
12    93    61    10    0    3484    90
13    27    32    20    1209    1369    90
14    25    31    20    1117    1277    90
15    98    36    10    0    3464    90
16    101    68    10    917    1077    90
17    49    48    10    1403    1563    90
18    56    95    10    0    3480    90
19    14    107    20    835    995    90
20    98    46    20    0    3472    90
21    131    4    40    1637    1797    90
22    94    89    20    2795    2955    90
23    70    113    30    0    3465    90
24    94    59    30    3002    3162    90
25    64    59    10    1920    2080    90
26    112    3    10    0    3429    90
27    20    108    10    0    3446    90
28    10    118    20    1516    1676    90
29    76    65    40    0    3501    90
30    103    12    20    0    3442    90
31    44    62    30    0    3481    90
32    96    138    10    0    3436    90
33    27    44    20    1406    1566    90
34    21    28    40    1022    1182    90
35    26    91    10    0    3460    90
36    98    75    10    0    3480    90
37    69    48    20    3120    3280    90
38    19    116    10    2016    2176    90
39    60    111    10    426    586    90
40    54    102    20    0    3473    90
41    63    103    20    0    3475    90
42    91    91    10    0    3479    90
43    77    15    10    67    227    90
44    77    117    30    0    3461    90
45    115    41    20    2688    2848    90
46    12    33    10    831    991    90
47    44    82    20    0    3480    90
48    117    55    20    0    3459    90
49    116    10    20    1156    1316    90
50    57    77    20    0    3494    90
51    29    36    20    1504    1664    90
52    90    91    10    2889    3049    90
53    62    73    20    3070    3230    90
54    6    121    20    0    3427    90
55    105    49    10    2324    2484    90
56    28    115    10    0    3447    90
57    4    137    30    1718    1878    90
58    11    100    20    933    1093    90
59    67    84    30    2877    3037    90
60    23    22    20    357    517    90
61    41    64    20    1023    1183    90
62    56    56    40    0    3489    90
63    80    40    20    0    3477    90
64    60    66    30    223    383    90
65    16    90    20    0    3451    90
66    104    82    30    0    3472    90
67    64    78    10    0    3498    90
68    47    36    20    41    201    90
69    46    80    20    3322    3482    90
70    86    124    20    1781    1941    90
71    48    72    20    0    3486    90
72    121    9    10    1739    1899    90
73    60    52    20    0    3488    90
74    25    46    20    1313    1473    90
75    26    15    20    0    3438    90
76    98    116    30    0    3455    90
77    66    131    10    0    3447    90
78    15    30    20    925    1085    90
79    66    117    30    0    3461    90
80    111    70    20    2710    2870    90
81    123    19    20    2211    2371    90
82    17    18    30    2191    2351    90
83    57    87    10    2402    2562    90
84    102    33    30    2987    3147    90
85    7    113    10    1421    1581    90
86    37    115    20    0    3453    90
87    17    25    10    454    614    90
88    83    105    30    0    3471    90
89    51    115    10    2607    2767    90
90    96    55    20    0    3478    90
91    112    2    20    0    3429    90
92    116    23    20    0    3443    90
93    57    70    10    2023    2183    90
94    15    23    30    547    707    90
95    45    68    30    0    3483    90
96    19    41    10    2986    3146    90
97    38    16    10    1616    1776    90
98    81    135    20    0    3443    90
99    62    128    20    713    873    90
100    49    70    20    0    3487    90
101    24    19    10    0    3440    90
102    119    20    10    2395    2555    90
103    62    125    30    620    780    90
104    29    10    30    1813    1973    90
105    13    80    30    0    3451    90
106    65    73    10    3163    3323    90
107    109    25    10    0    3449    90
108    91    71    10    0    3487    90
109    47    57    30    0    3482    90
110    9    42    20    2689    2849    90
111    96    23    30    177    337    90
112    26    102    40    0    3454    90
113    4    15    20    2391    2551    90
114    3    98    10    1031    1191    90
115    35    88    20    3298    3458    90
116    18    107    10    0    3445    90
117    95    68    20    821    981    90
118    58    85    10    2310    2470    90
119    11    23    10    0    3433    90
120    61    107    10    0    3470    90
121    3    17    10    2483    2643    90
122    26    104    10    0    3453    90
123    74    56    10    0    3494    90
124    24    105    10    2118    2278    90
125    30    106    30    2305    2465    90
126    4    33    20    2589    2749    90
127    106    0    10    0    3430    90
128    120    10    20    0    3430    90
129    106    5    30    0    3434    90
130    30    58    20    3096    3256    90
131    9    9    10    2293    2453    90
132    7    92    20    1128    1288    90
133    50    29    10    0    3463    90
134    46    52    10    1308    1468    90
135    70    110    30    0    3468    90
136    37    111    20    0    3456    90
137    75    64    20    7    167    90
138    20    93    10    0    3453    90
139    94    1    10    0    3435    90
140    41    12    10    0    3444    90
141    20    109    10    648    808    90
142    28    14    20    1907    2067    90
143    87    63    30    0    3490    90
144    101    4    10    863    1023    90
145    80    22    10    0    3459    90
146    117    10    10    0    3432    90
147    103    33    10    0    3459    90
148    104    51    20    2416    2576    90
149    103    19    30    0    3448    90
150    7    52    20    0    3443    90
151    73    119    30    1487    1647    90
152    79    128    30    0    3450    90
153    10    50    20    0    3445    90
154    26    23    50    0    3444    90
155    95    103    20    2691    2851    90
156    101    59    30    1533    1693    90
157    113    67    20    2616    2776    90
158    25    94    10    0    3457    90
159    120    20    20    2304    2464    90
160    105    26    30    2889    3049    90
161    59    77    20    0    3495    90
162    116    34    20    2216    2376    90
163    45    71    10    701    861    90
164    86    109    10    2393    2553    90
165    15    96    10    360    520    90
166    64    88    30    2782    2942    90
167    60    115    20    0    3462    90
168    63    100    10    0    3478    90
169    94    104    30    0    3467    90
170    8    102    10    1228    1388    90
171    64    89    10    2691    2851    90
172    61    66    10    132    292    90
173    95    121    10    0    3452    90
174    47    63    30    0    3484    90
175    19    96    10    0    3451    90
176    103    55    20    0    3472    90
177    36    94    30    3202    3362    90
178    75    103    20    0    3475    90
179    65    80    10    11    171    90
180    94    56    30    0    3481    90
181    18    123    20    0    3434    90
182    92    123    10    2094    2254    90
183    12    31    20    739    899    90
184    106    81    20    0    3471    90
185    98    28    10    0    3458    90
186    14    133    30    1818    1978    90
187    101    32    20    0    3459    90
188    25    66    10    0    3463    90
189    78    61    40    0    3496    90
190    123    64    20    1234    1394    90
191    126    20    20    0    3433    90
192    72    117    10    0    3461    90
193    10    105    20    0    3439    90
194    128    0    10    1542    1702    90
195    130    16    30    2022    2182    90
196    114    63    10    0    3464    90
197    80    63    20    22    182    90
198    113    36    10    0    3454    90
199    15    94    30    268    428    90
200    129    77    10    1129    1289    90
201    85    85    20    0    3487    90
