CUST    NO.    XCOORD.    YCOORD.    DEMAND    READY    TIME    DUE    DATE    SERVICE    TIME
1    70    70    0    0    634    0
2    107    77    34    0    587    10
3    109    139    8    123    133    10
4    120    22    39    124    134    10
5    48    47    19    31    41    10
6    116    22    32    148    158    10
7    12    138    14    285    295    10
8    86    40    22    0    590    10
9    121    124    21    160    170    10
10    61    57    35    385    395    10
11    40    113    23    487    497    10
12    129    24    18    0    550    10
13    12    84    16    209    219    10
14    44    116    27    0    572    10
15    102    52    15    0    588    10
16    41    36    13    61    71    10
17    132    133    24    150    160    10
18    104    139    29    346    356    10
19    104    54    13    63    73    10
20    22    104    11    241    251    10
21    46    133    7    86    96    10
22    138    78    43    212    222    10
23    16    92    10    369    379    10
24    18    104    18    347    357    10
25    66    82    27    511    521    10
26    107    25    13    284    294    10
27    139    73    10    97    107    10
28    101    0    9    0    548    10
29    90    14    31    0    565    10
30    20    69    13    388    398    10
31    64    132    8    67    77    10
32    115    82    30    277    287    10
33    54    106    9    0    585    10
34    30    21    12    332    342    10
35    63    129    7    216    226    10
36    82    100    18    114    124    10
37    108    30    18    106    116    10
38    37    73    33    0    591    10
39    50    112    18    242    252    10
40    47    83    1    328    338    10
41    92    138    12    412    422    10
42    81    36    17    72    82    10
43    115    124    11    421    431    10
44    13    48    15    430    440    10
45    113    35    9    60    70    10
46    60    84    23    492    502    10
47    44    58    30    28    38    10
48    8    87    17    411    421    10
49    116    105    23    154    164    10
50    117    4    9    0    543    10
51    140    42    13    0    549    10
52    139    68    25    88    98    10
53    58    95    35    495    505    10
54    103    119    18    0    565    10
55    32    52    32    161    171    10
56    89    39    23    36    46    10
57    54    41    9    0    591    10
58    39    100    31    76    86    10
59    5    99    24    0    553    10
60    67    96    26    0    598    10
61    73    96    9    0    598    10
62    112    13    27    535    545    10
63    55    127    17    268    278    10
64    103    44    12    42    52    10
65    97    12    10    216    226    10
66    16    62    15    0    570    10
67    140    36    1    186    196    10
68    90    44    6    62    72    10
69    113    32    36    154    164    10
70    104    73    17    259    269    10
71    36    38    5    448    458    10
72    15    4    23    111    121    10
73    54    33    20    0    584    10
74    70    94    32    24    34    10
75    35    90    20    456    466    10
76    88    29    33    570    580    10
77    109    131    16    236    246    10
78    10    111    21    503    513    10
79    138    105    24    413    423    10
80    113    45    4    309    319    10
81    92    22    18    0    572    10
82    85    75    37    0    609    10
83    10    86    14    421    431    10
84    51    92    9    458    468    10
85    46    112    10    296    306    10
86    12    48    4    68    78    10
87    137    7    40    166    176    10
88    79    80    4    13    23    10
89    69    116    26    354    364    10
90    28    62    23    206    216    10
91    50    106    25    0    583    10
92    83    38    22    486    496    10
93    120    102    18    107    117    10
94    65    0    20    84    94    10
95    4    71    19    170    180    10
96    19    120    16    271    281    10
97    18    70    26    401    411    10
98    58    80    18    470    480    10
99    49    140    3    244    254    10
100    69    115    20    0    579    10
101    36    124    34    0    561    10
102    84    88    16    366    376    10
103    17    138    8    443    453    10
104    103    82    27    336    346    10
105    38    122    13    244    254    10
106    70    83    23    495    505    10
107    29    60    14    42    52    10
108    61    34    7    483    493    10
109    54    78    11    560    570    10
110    83    12    29    240    250    10
111    34    72    21    559    569    10
112    80    103    15    382    392    10
113    78    111    22    0    583    10
114    116    83    30    0    577    10
115    29    94    1    0    577    10
116    137    137    27    110    120    10
117    110    28    20    315    325    10
118    116    13    5    0    551    10
119    59    115    26    324    334    10
120    71    70    9    490    500    10
121    120    60    18    64    74    10
122    85    111    25    0    581    10
123    121    123    9    0    551    10
124    137    84    41    114    124    10
125    103    86    19    268    278    10
126    30    57    20    240    250    10
127    139    72    23    347    357    10
128    2    106    16    0    548    10
129    64    138    15    0    556    10
130    23    39    20    0    568    10
131    126    23    13    0    551    10
132    138    24    12    190    200    10
133    78    63    19    10    20    10
134    98    4    20    188    198    10
135    103    77    17    301    311    10
136    58    11    9    137    147    10
137    26    130    20    278    288    10
138    104    32    18    145    155    10
139    55    102    4    325    335    10
140    137    101    12    0    551    10
141    65    80    20    11    21    10
142    26    50    7    0    576    10
143    56    139    18    320    330    10
144    119    73    15    127    137    10
145    9    19    10    383    393    10
146    82    103    15    45    55    10
147    107    102    12    0    576    10
148    60    23    16    0    576    10
149    123    84    13    426    436    10
150    79    72    22    0    615    10
151    99    34    9    0    578    10
152    27    46    35    219    229    10
153    64    115    15    0    579    10
154    32    6    11    105    115    10
155    86    80    21    384    394    10
156    81    57    8    17    27    10
157    135    65    3    349    359    10
158    66    40    20    30    40    10
159    120    47    18    55    65    10
160    37    125    10    353    363    10
161    120    14    20    269    279    10
162    114    109    16    0    566    10
163    137    127    28    206    216    10
164    37    138    5    220    230    10
165    36    54    15    0    587    10
166    109    78    21    248    258    10
167    34    20    15    161    171    10
168    39    13    20    386    396    10
169    137    96    9    71    81    10
170    110    99    21    313    323    10
171    136    123    31    329    339    10
172    133    130    13    232    242    10
173    120    52    20    384    394    10
174    33    117    20    0    565    10
175    37    79    5    438    448    10
176    60    54    3    249    259    10
177    125    68    20    202    212    10
178    13    129    25    361    371    10
179    20    106    24    285    295    10
180    15    9    2    420    430    10
181    106    10    13    309    319    10
182    100    99    17    309    319    10
183    89    24    15    311    321    10
184    67    120    5    369    379    10
185    42    29    12    70    80    10
186    117    92    25    0    573    10
187    15    18    10    0    549    10
188    139    110    19    0    545    10
189    44    36    9    58    68    10
190    8    138    10    0    532    10
191    33    0    20    492    502    10
192    4    44    24    0    554    10
193    97    115    25    0    572    10
194    23    19    16    182    192    10
195    56    129    21    0    564    10
196    105    2    1    234    244    10
197    66    91    16    21    31    10
198    93    61    10    531    541    10
199    27    104    1    512    522    10
200    69    6    8    93    103    10
201    95    135    27    411    421    10
