CUST    NO.    XCOORD.    YCOORD.    DEMAND    READY    TIME    DUE    DATE    SERVICE    TIME
1    70    70    0    0    634    0
2    107    77    34    37    67    10
3    109    139    8    113    143    10
4    120    22    39    114    144    10
5    48    47    19    31    61    10
6    116    22    32    138    168    10
7    12    138    14    275    305    10
8    86    40    22    34    64    10
9    121    124    21    150    180    10
10    61    57    35    375    405    10
11    40    113    23    477    507    10
12    129    24    18    335    365    10
13    12    84    16    199    229    10
14    44    116    27    53    83    10
15    102    52    15    159    189    10
16    41    36    13    51    81    10
17    132    133    24    140    170    10
18    104    139    29    336    366    10
19    104    54    13    53    83    10
20    22    104    11    231    261    10
21    46    133    7    76    106    10
22    138    78    43    202    232    10
23    16    92    10    359    389    10
24    18    104    18    337    367    10
25    66    82    27    501    531    10
26    107    25    13    274    304    10
27    139    73    10    87    117    10
28    101    0    9    498    528    10
29    90    14    31    464    494    10
30    20    69    13    378    408    10
31    64    132    8    62    92    10
32    115    82    30    267    297    10
33    54    106    9    294    324    10
34    30    21    12    322    352    10
35    63    129    7    206    236    10
36    82    100    18    104    134    10
37    108    30    18    96    126    10
38    37    73    33    336    366    10
39    50    112    18    232    262    10
40    47    83    1    318    348    10
41    92    138    12    402    432    10
42    81    36    17    62    92    10
43    115    124    11    411    441    10
44    13    48    15    420    450    10
45    113    35    9    55    85    10
46    60    84    23    482    512    10
47    44    58    30    28    58    10
48    8    87    17    401    431    10
49    116    105    23    144    174    10
50    117    4    9    418    448    10
51    140    42    13    101    131    10
52    139    68    25    78    108    10
53    58    95    35    485    515    10
54    103    119    18    334    364    10
55    32    52    32    151    181    10
56    89    39    23    36    66    10
57    54    41    9    281    311    10
58    39    100    31    66    96    10
59    5    99    24    324    354    10
60    67    96    26    492    522    10
61    73    96    9    166    196    10
62    112    13    27    524    554    10
63    55    127    17    258    288    10
64    103    44    12    42    72    10
65    97    12    10    206    236    10
66    16    62    15    396    426    10
67    140    36    1    176    206    10
68    90    44    6    52    82    10
69    113    32    36    144    174    10
70    104    73    17    249    279    10
71    36    38    5    438    468    10
72    15    4    23    101    131    10
73    54    33    20    40    70    10
74    70    94    32    24    54    10
75    35    90    20    446    476    10
76    88    29    33    550    580    10
77    109    131    16    226    256    10
78    10    111    21    493    523    10
79    138    105    24    403    433    10
80    113    45    4    299    329    10
81    92    22    18    190    220    10
82    85    75    37    15    45    10
83    10    86    14    411    441    10
84    51    92    9    448    478    10
85    46    112    10    286    316    10
86    12    48    4    62    92    10
87    137    7    40    156    186    10
88    79    80    4    13    43    10
89    69    116    26    344    374    10
90    28    62    23    196    226    10
91    50    106    25    320    350    10
92    83    38    22    476    506    10
93    120    102    18    97    127    10
94    65    0    20    74    104    10
95    4    71    19    160    190    10
96    19    120    16    261    291    10
97    18    70    26    391    421    10
98    58    80    18    460    490    10
99    49    140    3    234    264    10
100    69    115    20    215    245    10
101    36    124    34    234    264    10
102    84    88    16    356    386    10
103    17    138    8    433    463    10
104    103    82    27    326    356    10
105    38    122    13    234    264    10
106    70    83    23    485    515    10
107    29    60    14    42    72    10
108    61    34    7    473    503    10
109    54    78    11    550    580    10
110    83    12    29    230    260    10
111    34    72    21    549    579    10
112    80    103    15    372    402    10
113    78    111    22    41    71    10
114    116    83    30    179    209    10
115    29    94    1    277    307    10
116    137    137    27    100    130    10
117    110    28    20    305    335    10
118    116    13    5    73    103    10
119    59    115    26    314    344    10
120    71    70    9    480    510    10
121    120    60    18    54    84    10
122    85    111    25    253    283    10
123    121    123    9    257    287    10
124    137    84    41    104    134    10
125    103    86    19    258    288    10
126    30    57    20    230    260    10
127    139    72    23    337    367    10
128    2    106    16    387    417    10
129    64    138    15    440    470    10
130    23    39    20    352    382    10
131    126    23    13    263    293    10
132    138    24    12    180    210    10
133    78    63    19    10    40    10
134    98    4    20    178    208    10
135    103    77    17    291    321    10
136    58    11    9    127    157    10
137    26    130    20    268    298    10
138    104    32    18    135    165    10
139    55    102    4    315    345    10
140    137    101    12    169    199    10
141    65    80    20    11    41    10
142    26    50    7    387    417    10
143    56    139    18    310    340    10
144    119    73    15    117    147    10
145    9    19    10    373    403    10
146    82    103    15    35    65    10
147    107    102    12    219    249    10
148    60    23    16    54    84    10
149    123    84    13    416    446    10
150    79    72    22    9    39    10
151    99    34    9    76    106    10
152    27    46    35    209    239    10
153    64    115    15    135    165    10
154    32    6    11    95    125    10
155    86    80    21    374    404    10
156    81    57    8    17    47    10
157    135    65    3    339    369    10
158    66    40    20    30    60    10
159    120    47    18    55    85    10
160    37    125    10    343    373    10
161    120    14    20    259    289    10
162    114    109    16    77    107    10
163    137    127    28    196    226    10
164    37    138    5    210    240    10
165    36    54    15    372    402    10
166    109    78    21    238    268    10
167    34    20    15    151    181    10
168    39    13    20    376    406    10
169    137    96    9    71    101    10
170    110    99    21    303    333    10
171    136    123    31    319    349    10
172    133    130    13    222    252    10
173    120    52    20    374    404    10
174    33    117    20    94    124    10
175    37    79    5    428    458    10
176    60    54    3    239    269    10
177    125    68    20    192    222    10
178    13    129    25    351    381    10
179    20    106    24    275    305    10
180    15    9    2    410    440    10
181    106    10    13    299    329    10
182    100    99    17    299    329    10
183    89    24    15    301    331    10
184    67    120    5    359    389    10
185    42    29    12    60    90    10
186    117    92    25    283    313    10
187    15    18    10    400    430    10
188    139    110    19    191    221    10
189    44    36    9    48    78    10
190    8    138    10    291    321    10
191    33    0    20    482    512    10
192    4    44    24    416    446    10
193    97    115    25    368    398    10
194    23    19    16    172    202    10
195    56    129    21    287    317    10
196    105    2    1    224    254    10
197    66    91    16    21    51    10
198    93    61    10    521    551    10
199    27    104    1    502    532    10
200    69    6    8    83    113    10
201    95    135    27    401    431    10
