CUST    NO.    XCOORD.    YCOORD.    DEMAND    READY    TIME    DUE    DATE    SERVICE    TIME
1    70    70    0    0    634    0
2    107    77    34    37    197    10
3    109    139    8    79    250    10
4    120    22    39    69    207    10
5    48    47    19    31    163    10
6    116    22    32    106    199    10
7    12    138    14    236    343    10
8    86    40    22    34    201    10
9    121    124    21    92    237    10
10    61    57    35    334    446    10
11    40    113    23    431    553    10
12    129    24    18    311    388    10
13    12    84    16    150    278    10
14    44    116    27    52    144    10
15    102    52    15    106    242    10
16    41    36    13    44    153    10
17    132    133    24    88    231    10
18    104    139    29    284    417    10
19    104    54    13    37    155    10
20    22    104    11    189    304    10
21    46    133    7    67    154    10
22    138    78    43    168    267    10
23    16    92    10    311    437    10
24    18    104    18    271    433    10
25    66    82    27    450    582    10
26    107    25    13    220    358    10
27    139    73    10    69    137    10
28    101    0    9    412    548    10
29    90    14    31    412    545    10
30    20    69    13    338    448    10
31    64    132    8    62    144    10
32    115    82    30    204    361    10
33    54    106    9    219    400    10
34    30    21    12    268    406    10
35    63    129    7    183    260    10
36    82    100    18    61    177    10
37    108    30    18    77    145    10
38    37    73    33    279    423    10
39    50    112    18    188    305    10
40    47    83    1    277    388    10
41    92    138    12    353    480    10
42    81    36    17    35    165    10
43    115    124    11    353    499    10
44    13    48    15    388    482    10
45    113    35    9    55    136    10
46    60    84    23    404    590    10
47    44    58    30    28    144    10
48    8    87    17    360    473    10
49    116    105    23    123    195    10
50    117    4    9    384    482    10
51    140    42    13    75    216    10
52    139    68    25    69    200    10
53    58    95    35    438    562    10
54    103    119    18    306    393    10
55    32    52    32    129    203    10
56    89    39    23    36    206    10
57    54    41    9    259    334    10
58    39    100    31    43    212    10
59    5    99    24    267    411    10
60    67    96    26    443    572    10
61    73    96    9    139    223    10
62    112    13    27    410    554    10
63    55    127    17    204    342    10
64    103    44    12    42    157    10
65    97    12    10    142    300    10
66    16    62    15    348    475    10
67    140    36    1    124    257    10
68    90    44    6    32    143    10
69    113    32    36    86    233    10
70    104    73    17    196    332    10
71    36    38    5    395    510    10
72    15    4    23    85    208    10
73    54    33    20    40    149    10
74    70    94    32    24    127    10
75    35    90    20    388    534    10
76    88    29    33    455    580    10
77    109    131    16    168    314    10
78    10    111    21    467    549    10
79    138    105    24    369    468    10
80    113    45    4    257    371    10
81    92    22    18    140    270    10
82    85    75    37    15    171    10
83    10    86    14    364    488    10
84    51    92    9    396    530    10
85    46    112    10    204    397    10
86    12    48    4    62    164    10
87    137    7    40    119    222    10
88    79    80    4    13    142    10
89    69    116    26    272    447    10
90    28    62    23    158    265    10
91    50    106    25    276    395    10
92    83    38    22    433    549    10
93    120    102    18    68    156    10
94    65    0    20    70    215    10
95    4    71    19    108    243    10
96    19    120    16    237    316    10
97    18    70    26    360    452    10
98    58    80    18    419    531    10
99    49    140    3    178    320    10
100    69    115    20    164    296    10
101    36    124    34    196    302    10
102    84    88    16    312    430    10
103    17    138    8    403    493    10
104    103    82    27    285    397    10
105    38    122    13    190    309    10
106    70    83    23    432    567    10
107    29    60    14    42    199    10
108    61    34    7    402    573    10
109    54    78    11    458    607    10
110    83    12    29    201    290    10
111    34    72    21    421    588    10
112    80    103    15    318    456    10
113    78    111    22    41    164    10
114    116    83    30    141    247    10
115    29    94    1    220    364    10
116    137    137    27    94    230    10
117    110    28    20    232    408    10
118    116    13    5    73    200    10
119    59    115    26    261    397    10
120    71    70    9    438    553    10
121    120    60    18    50    164    10
122    85    111    25    206    329    10
123    121    123    9    209    335    10
124    137    84    41    68    194    10
125    103    86    19    229    316    10
126    30    57    20    194    297    10
127    139    72    23    301    403    10
128    2    106    16    333    470    10
129    64    138    15    389    520    10
130    23    39    20    307    427    10
131    126    23    13    214    343    10
132    138    24    12    152    237    10
133    78    63    19    10    124    10
134    98    4    20    140    245    10
135    103    77    17    235    377    10
136    58    11    9    72    212    10
137    26    130    20    243    323    10
138    104    32    18    100    200    10
139    55    102    4    249    411    10
140    137    101    12    78    290    10
141    65    80    20    11    118    10
142    26    50    7    312    492    10
143    56    139    18    254    395    10
144    119    73    15    74    191    10
145    9    19    10    327    449    10
146    82    103    15    35    220    10
147    107    102    12    159    310    10
148    60    23    16    48    229    10
149    123    84    13    373    490    10
150    79    72    22    9    133    10
151    99    34    9    46    162    10
152    27    46    35    171    276    10
153    64    115    15    107    194    10
154    32    6    11    74    201    10
155    86    80    21    316    462    10
156    81    57    8    17    204    10
157    135    65    3    279    429    10
158    66    40    20    30    147    10
159    120    47    18    55    156    10
160    37    125    10    292    424    10
161    120    14    20    224    324    10
162    114    109    16    58    183    10
163    137    127    28    171    250    10
164    37    138    5    170    280    10
165    36    54    15    306    467    10
166    109    78    21    200    305    10
167    34    20    15    121    210    10
168    39    13    20    318    463    10
169    137    96    9    71    204    10
170    110    99    21    240    395    10
171    136    123    31    260    408    10
172    133    130    13    163    311    10
173    120    52    20    338    440    10
174    33    117    20    59    195    10
175    37    79    5    383    503    10
176    60    54    3    193    316    10
177    125    68    20    140    274    10
178    13    129    25    318    415    10
179    20    106    24    218    362    10
180    15    9    2    368    483    10
181    106    10    13    228    400    10
182    100    99    17    253    374    10
183    89    24    15    263    370    10
184    67    120    5    331    417    10
185    42    29    12    49    135    10
186    117    92    25    241    354    10
187    15    18    10    344    486    10
188    139    110    19    130    282    10
189    44    36    9    42    161    10
190    8    138    10    240    373    10
191    33    0    20    424    545    10
192    4    44    24    372    490    10
193    97    115    25    312    455    10
194    23    19    16    118    256    10
195    56    129    21    250    353    10
196    105    2    1    195    282    10
197    66    91    16    21    151    10
198    93    61    10    465    600    10
199    27    104    1    476    558    10
200    69    6    8    64    175    10
201    95    135    27    350    482    10
