5    340    291    22    1893    1991    10
6    370    382    11    3538    3653    10
7    273    255    18    5968    6088    10
8    36    301    21    811    949    10
9    117    178    28    4484    4574    10
10    295    283    26    3538    3728    10
11    57    43    15    4088    4219    10
12    436    123    40    835    966    10
13    48    162    15    825    1033    10
14    222    499    7    3400    3483    10
15    376    92    10    3959    4086    10
16    437    90    12    2364    2435    10
17    3    23    11    1550    1702    10
18    94    40    24    4278    4387    10
19    398    476    25    1676    1789    10
20    307    249    10    5511    5622    10
21    179    286    8    1380    1469    10
22    0    356    13    4346    4464    10
23    143    158    12    562    659    10
24    413    476    34    4729    4823    10
25    371    488    10    2285    2497    10
26    415    118    19    886    966    10
27    440    77    14    3649    3775    10
28    261    201    15    6060    6172    10
29    490    286    29    2073    2224    10
30    309    161    23    2287    2499    10
31    39    162    18    2269    2373    10
32    361    178    5    3903    3996    10
33    261    138    1    2491    2575    10
34    447    383    17    889    1013    10
35    346    354    8    3260    3399    10
36    461    195    26    5597    5683    10
37    187    263    35    191    324    10
38    130    247    17    423    538    10
39    328    491    21    2702    2845    10
40    161    276    8    476    711    10
41    365    74    24    3379    3529    10
42    168    109    10    810    944    10
43    111    192    11    4809    4907    10
44    87    213    18    2483    2642    10
45    45    166    22    4063    4164    10
46    62    94    16    3822    3903    10
47    348    476    19    4762    4932    10
48    64    437    11    3686    3779    10
49    56    75    24    5711    5910    10
50    24    259    19    1490    1591    10
51    295    247    12    5212    5335    10
52    6    53    8    2355    2460    10
53    15    11    15    3796    3938    10
54    179    497    1    5633    5775    10
55    67    352    20    1514    1592    10
56    317    45    8    2629    2757    10
57    40    278    10    4466    4490    10
58    33    278    18    5910    6108    10
59    322    290    23    5920    6031    10
60    159    226    16    314    439    10
61    208    445    22    5314    5465    10
62    453    360    13    858    990    10
63    34    169    11    1948    2048    10
64    436    25    19    5113    5266    10
65    393    98    13    3013    3127    10
66    466    96    22    5547    5639    10
67    366    390    23    5266    5400    10
68    303    78    12    656    784    10
69    374    116    9    2357    2461    10
70    424    288    13    4261    4318    10
71    191    84    13    3472    3584    10
72    59    276    11    3548    3711    10
73    215    293    13    128    315    10
74    343    276    15    321    451    10
75    488    173    25    4836    4966    10
76    452    110    14    1339    1504    10
77    153    244    5    460    523    10
78    176    200    17    2266    2394    10
79    498    171    12    5048    5123    10
80    492    188    33    2904    2939    10
81    177    156    25    639    818    10
82    398    49    21    3167    3288    10
83    497    296    14    2495    2525    10
84    276    84    20    2696    2874    10
85    128    113    22    1424    1597    10
86    422    498    5    2801    2856    10
87    460    424    11    5786    5970    10
88    246    314    36    5773    5910    10
89    0    422    8    3300    3388    10
90    166    247    1    291    382    10
91    311    422    29    3970    4053    10
92    392    95    16    3060    3189    10
93    460    117    14    2083    2196    10
94    28    467    34    5381    5480    10
95    375    145    12    3719    3836    10
96    240    255    33    6404    6604    10
97    440    436    18    3549    3706    10
98    454    201    16    5218    5342    10
99    407    35    11    5177    5250    10
100    420    383    27    3932    4044    10
101    264    180    33    6720    6845    10
102    440    294    16    3836    3966    10
103    500    228    8    3137    3237    10
104    144    331    13    3709    3860    10
105    98    2    14    2361    2493    10
106    461    186    16    6054    6165    10
107    68    450    18    2505    2675    10
108    153    192    13    3457    3588    10
109    34    239    16    896    975    10
110    465    367    14    4087    4248    10
111    208    488    22    1934    2007    10
112    93    413    17    849    961    10
113    371    332    14    2144    2213    10
114    231    167    15    246    435    10
115    179    75    13    2982    3057    10
116    196    489    23    4135    4226    10
117    280    245    21    85    158    10
118    108    37    23    2192    2323    10
119    1    101    8    5021    5158    10
120    420    80    24    4372    4522    10
121    38    190    23    1138    1261    10
122    470    405    17    3694    3832    10
123    448    397    33    3482    3563    10
124    471    427    8    3256    3395    10
125    146    376    8    928    1066    10
126    12    358    7    4891    5024    10
127    175    422    24    5771    5920    10
128    297    131    25    4640    4803    10
129    457    492    7    2041    2143    10
130    69    423    32    3236    3304    10
131    97    288    22    5142    5251    10
132    172    314    9    2169    2314    10
133    170    347    15    1764    1842    10
134    103    123    8    1966    2072    10
135    154    374    36    3746    3870    10
136    318    497    21    3428    3522    10
137    330    147    28    3383    3525    10
138    241    180    13    6789    6887    10
139    174    67    15    5018    5180    10
140    235    288    18    83    244    10
141    94    192    1    4319    4444    10
142    232    101    24    1405    1483    10
143    28    180    34    1551    1653    10
144    64    135    11    3495    3571    10
145    174    376    8    5671    5804    10
146    293    174    31    279    420    10
147    218    12    3    2204    2268    10
148    110    122    14    6000    6190    10
149    459    53    20    4505    4592    10
150    173    474    14    5150    5250    10
151    135    400    20    1189    1319    10
152    497    266    25    2996    3104    10
153    380    194    3    2872    2956    10
154    495    227    20    1389    1482    10
155    268    351    7    6698    6822    10
156    213    399    18    941    1051    10
157    448    414    23    4924    4978    10
158    327    139    13    5021    5158    10
159    151    81    28    6262    6321    10
160    425    448    9    3152    3324    10
161    92    259    4    1585    1731    10
162    59    388    20    2650    2772    10
163    468    360    16    1104    1208    10
164    332    459    35    1479    1591    10
165    469    489    4    2211    2353    10
166    248    176    32    5579    5753    10
167    174    41    15    5216    5331    10
168    343    205    26    3081    3178    10
169    154    392    9    635    737    10
170    92    18    8    4466    4648    10
171    250    328    24    1001    1108    10
172    88    484    5    5963    6082    10
173    360    488    19    1252    1393    10
174    156    65    22    4143    4275    10
175    18    225    8    2757    2893    10
176    152    476    45    2112    2188    10
177    176    470    14    2181    2312    10
178    195    450    16    5946    6061    10
179    466    149    16    4761    4848    10
180    221    269    14    5064    5179    10
181    105    137    32    1799    1940    10
182    284    319    17    3270    3384    10
183    41    120    22    2791    2897    10
184    263    418    25    1117    1230    10
185    218    271    16    6280    6429    10
186    365    119    30    1482    1692    10
187    89    322    21    4099    4186    10
188    180    283    23    2963    3107    10
189    385    17    40    3186    3404    10
190    401    314    25    3875    4057    10
191    245    176    20    4943    5055    10
192    251    238    27    12    119    10
193    139    438    24    865    966    10
194    236    126    23    400    598    10
195    61    441    27    2201    2268    10
196    405    454    11    5178    5365    10
197    111    392    18    4693    4780    10
198    373    421    21    939    1080    10
199    247    443    17    1302    1461    10
200    322    406    17    3294    3460    10
201    412    478    7    3851    3946    10
202    374    346    27    1700    1788    10
203    122    422    3    5871    5904    10
204    261    359    10    401    476    10
205    173    182    25    383    438    10
206    398    341    33    3775    3858    10
207    413    127    28    3326    3439    10
208    325    311    22    5290    5409    10
209    80    357    1    2093    2271    10
210    67    378    26    1875    2008    10
211    216    341    19    2613    2738    10
212    498    457    15    3692    3733    10
213    44    344    12    4325    4431    10
214    352    481    15    5136    5261    10
215    237    420    15    5311    5483    10
216    389    43    21    1564    1721    10
217    292    136    28    3126    3239    10
218    426    38    23    2439    2551    10
219    245    461    8    2635    2680    10
220    415    253    21    1457    1595    10
221    298    264    36    147    253    10
222    307    412    8    1635    1714    10
223    53    204    8    4206    4354    10
224    480    152    26    4028    4265    10
225    262    97    17    3785    3912    10
226    83    169    21    3115    3218    10
227    377    432    20    3343    3429    10
228    390    249    21    2323    2451    10
229    132    479    11    997    1063    10
230    359    246    18    5725    5777    10
231    314    205    22    6086    6249    10
232    124    448    6    1430    1638    10
233    0    188    26    3709    3867    10
234    343    166    28    3512    3616    10
235    482    141    14    4028    4178    10
236    162    306    22    494    580    10
237    24    71    11    1394    1494    10
238    188    119    44    3903    4016    10
239    100    85    14    1422    1506    10
240    103    177    28    2494    2637    10
241    26    67    15    5274    5380    10
242    164    332    19    5107    5250    10
243    385    285    13    3478    3586    10
244    209    68    27    6266    6398    10
245    149    341    6    1599    1753    10
246    415    95    15    4708    4825    10
247    167    488    17    972    1148    10
248    413    493    26    4894    4971    10
249    439    222    22    3929    4028    10
250    150    484    16    2498    2623    10
251    299    353    34    393    519    10
252    273    300    30    153    288    10
253    402    277    5    5771    5856    10
254    239    15    2    2416    2534    10
255    363    225    35    3426    3541    10
256    65    343    38    802    976    10
257    351    60    15    850    952    10
258    60    246    25    704    816    10
259    144    35    26    891    1027    10
260    463    253    23    4171    4325    10
261    332    382    2    4037    4167    10
262    408    318    15    2558    2707    10
263    452    206    31    1958    2099    10
264    471    368    19    1718    1827    10
265    93    490    2    1527    1626    10
266    241    402    11    4090    4229    10
267    60    231    32    4124    4203    10
268    172    66    18    5225    5318    10
269    404    207    6    3634    3771    10
270    286    356    30    354    542    10
271    489    338    17    5551    5746    10
272    334    481    32    1323    1440    10
273    26    442    23    5402    5470    10
274    226    175    23    6798    6871    10
275    488    3    3    1625    1700    10
276    178    150    33    2548    2625    10
277    371    423    10    810    878    10
278    5    224    19    4242    4316    10
279    94    344    26    2746    2832    10
280    153    235    10    324    462    10
281    12    367    27    1282    1444    10
282    217    357    23    5671    5808    10
283    255    487    19    1556    1747    10
284    149    214    7    1911    2066    10
285    169    305    21    663    752    10
286    487    446    9    5360    5482    10
287    267    374    23    2425    2501    10
288    360    294    9    5669    5793    10
289    185    431    15    1561    1656    10
290    325    210    15    3717    3870    10
291    175    352    12    6652    6789    10
292    76    462    18    3813    3955    10
293    19    273    25    4035    4218    10
294    72    227    25    2258    2373    10
295    213    283    14    5885    6002    10
296    130    140    17    783    889    10
297    274    442    17    4301    4350    10
298    337    41    8    4018    4121    10
299    372    39    10    2886    3022    10
300    269    112    19    5041    5180    10
301    224    56    13    4747    4865    10
302    340    416    36    1293    1396    10
303    13    214    21    5428    5520    10
304    230    320    8    4770    4887    10
305    6    196    20    4772    4973    10
306    87    3    13    5728    5856    10
307    133    202    33    1827    1978    10
308    235    316    2    2616    2751    10
309    435    180    37    896    1020    10
310    173    65    12    1768    1940    10
311    245    42    24    2203    2295    10
312    384    149    18    4777    4920    10
313    51    286    14    5831    5960    10
314    267    290    15    111    236    10
315    453    318    30    1489    1621    10
316    189    402    10    2149    2259    10
317    210    276    5    138    243    10
318    120    261    5    3154    3312    10
319    35    263    27    1087    1194    10
320    429    59    9    1827    1964    10
321    330    308    24    4687    4797    10
322    58    391    16    3528    3651    10
323    260    472    33    4143    4265    10
324    217    333    26    1633    1776    10
325    335    46    18    5400    5453    10
326    198    85    28    1032    1189    10
327    138    28    23    4362    4530    10
328    29    336    22    1319    1454    10
329    200    27    22    2109    2209    10
330    157    269    31    6317    6414    10
331    177    404    17    5074    5143    10
332    202    28    22    3733    3860    10
333    366    334    5    1650    1751    10
334    149    458    13    4634    4796    10
335    481    454    14    1278    1406    10
336    377    385    6    3486    3564    10
337    217    207    26    5538    5642    10
338    96    346    26    765    836    10
339    224    320    36    5187    5202    10
340    206    97    33    1785    1920    10
341    438    127    2    3785    3862    10
342    494    468    31    1417    1523    10
343    494    165    19    2401    2553    10
344    5    281    16    5478    5615    10
345    441    60    21    5835    5954    10
346    14    232    18    1187    1374    10
347    288    439    16    1121    1187    10
348    420    224    10    1704    1848    10
349    267    162    6    5800    5913    10
350    195    273    22    156    320    10
351    233    230    20    26    199    10
352    382    360    26    696    849    10
353    406    460    2    2868    3006    10
354    499    316    18    2472    2623    10
355    246    407    12    1235    1377    10
356    283    454    14    5107    5134    10
357    426    231    24    4102    4245    10
358    432    2    20    1848    2004    10
359    404    439    3    964    1067    10
360    397    477    13    4853    4993    10
361    44    140    11    3464    3602    10
362    330    138    18    4493    4504    10
363    39    153    26    3203    3299    10
364    397    153    29    3507    3673    10
365    226    316    21    234    328    10
366    354    156    20    3322    3458    10
367    201    66    14    4671    4784    10
368    389    156    27    2851    2993    10
369    134    211    35    458    626    10
370    386    154    31    4415    4513    10
371    335    99    25    4913    4955    10
372    356    256    19    337    513    10
373    240    362    23    5665    5765    10
374    412    100    1    2066    2161    10
375    394    322    12    4111    4207    10
376    48    150    15    2642    2718    10
377    225    121    18    2924    3063    10
378    102    422    23    892    1038    10
379    339    41    6    1793    1973    10
380    440    201    29    3603    3658    10
381    411    379    25    4781    4886    10
382    219    210    14    152    252    10
383    250    441    5    3026    3140    10
384    210    29    13    4213    4314    10
385    178    302    19    3553    3659    10
386    148    208    22    2095    2237    10
387    225    369    38    432    541    10
388    16    287    12    1102    1185    10
389    450    416    25    2281    2453    10
390    287    397    12    2262    2373    10
391    285    247    13    5063    5256    10
392    351    481    10    1284    1410    10
393    243    408    15    5720    5870    10
394    137    377    23    619    740    10
395    33    152    17    5278    5403    10
396    68    303    22    904    987    10
397    456    113    17    4922    5015    10
398    134    276    15    538    648    10
399    26    221    28    4016    4076    10
400    79    257    26    3803    3942    10
401    181    185    19    6436    6594    10
402    104    349    20    4058    4135    10
403    267    174    34    6470    6596    10
404    475    267    7    3124    3232    10
405    385    239    21    3130    3274    10
406    95    382    19    929    1041    10
407    67    190    25    4722    4785    10
408    32    94    14    3707    3854    10
409    401    164    13    2523    2568    10
410    376    113    8    2083    2150    10
411    409    255    23    6084    6215    10
412    228    260    12    6450    6514    10
413    363    34    19    1097    1202    10
414    274    441    12    2762    2915    10
415    146    188    6    4960    5039    10
416    212    186    11    6893    6999    10
417    432    66    30    4270    4419    10
418    83    300    26    1987    2131    10
419    51    89    19    4833    4953    10
420    379    486    22    2679    2815    10
421    440    284    25    3394    3540    10
422    175    239    23    256    351    10
423    282    1    18    4184    4276    10
424    268    113    21    2734    2823    10
425    480    131    5    2740    2881    10
426    429    67    16    2938    3040    10
427    162    301    16    6423    6601    10
428    281    96    1    4532    4594    10
429    495    199    25    1363    1451    10
430    372    115    13    1463    1567    10
431    396    83    15    6362    6449    10
432    239    486    3    5949    6028    10
433    288    70    24    724    829    10
434    66    163    6    1566    1718    10
435    470    417    11    2961    3053    10
436    226    423    15    832    863    10
437    342    319    36    419    502    10
438    174    122    14    2376    2491    10
439    49    353    15    5810    5879    10
440    448    495    40    1519    1669    10
441    13    465    31    3116    3193    10
442    489    159    29    5723    5818    10
443    311    203    15    2892    3008    10
444    480    119    7    2515    2632    10
445    442    153    29    4765    4865    10
446    148    462    10    2906    3028    10
447    233    87    18    966    1174    10
448    323    34    13    5244    5394    10
449    84    377    10    3699    3831    10
450    292    32    14    888    1066    10
451    418    75    11    1807    1896    10
452    451    305    13    779    889    10
453    225    269    30    5082    5205    10
454    272    420    7    5515    5691    10
455    318    280    21    254    340    10
456    250    57    26    2995    3110    10
457    77    372    19    788    905    10
458    385    58    24    1661    1697    10
459    44    496    32    1594    1740    10
460    460    328    13    872    1001    10
461    67    24    10    4083    4184    10
462    91    27    14    4699    4874    10
463    360    284    19    2660    2792    10
464    82    183    17    4444    4490    10
465    153    362    7    4647    4762    10
466    52    412    22    5608    5758    10
467    32    191    5    2344    2465    10
468    325    147    14    4777    4836    10
469    328    458    17    3099    3164    10
470    133    273    20    419    535    10
471    147    30    26    4424    4565    10
472    131    246    17    3348    3429    10
473    433    319    11    5509    5621    10
474    168    59    6    1482    1566    10
475    218    403    15    5305    5368    10
476    295    89    23    2983    3072    10
477    118    314    26    1315    1505    10
478    251    63    14    3981    4039    10
479    388    44    22    4519    4647    10
480    381    328    12    2868    2990    10
481    132    32    18    3138    3257    10
482    334    403    26    620    776    10
483    83    290    14    2421    2560    10
484    411    396    23    3667    3814    10
485    243    402    13    1632    1729    10
486    52    18    28    3438    3537    10
487    265    0    10    3570    3718    10
488    268    288    26    5075    5181    10
489    476    61    36    1780    1930    10
490    283    438    3    939    1032    10
491    191    215    17    211    338    10
492    253    50    27    921    1005    10
493    71    282    29    2583    2670    10
494    297    304    4    227    345    10
495    244    368    25    1648    1785    10
496    80    279    19    4586    4795    10
497    488    96    22    4264    4386    10
498    142    30    32    5002    5085    10
499    68    240    11    3176    3300    10
500    193    138    30    2639    2768    10
501    451    62    5    1139    1240    10
502    138    406    8    4892    4956    10
503    306    42    11    1944    1989    10
504    247    219    17    81    169    10
505    98    29    14    4209    4284    10
506    102    6    3    5820    5968    10
507    142    360    20    6124    6252    10
508    172    24    17    5814    5924    10
509    352    241    5    3178    3280    10
510    486    324    15    3109    3168    10
511    133    455    25    3222    3362    10
512    440    292    24    3776    3864    10
513    364    173    30    700    862    10
514    442    289    25    744    903    10
515    48    412    7    4156    4220    10
516    344    70    24    4542    4743    10
517    78    406    15    3818    3986    10
518    329    456    19    1008    1104    10
519    157    38    3    4186    4316    10
520    374    260    27    7081    7238    10
521    297    283    28    5386    5529    10
522    210    113    28    2778    2864    10
523    215    434    9    752    909    10
524    262    92    25    2507    2657    10
525    140    108    29    4280    4409    10
526    235    108    12    4307    4449    10
527    210    133    15    2767    2862    10
528    25    53    23    4088    4193    10
529    339    113    14    3050    3154    10
530    394    310    10    4410    4498    10
531    126    391    19    1099    1203    10
532    343    34    7    2882    3036    10
533    354    416    10    2719    2836    10
534    202    391    30    2497    2611    10
535    367    97    17    3968    4055    10
536    188    151    7    5223    5270    10
537    111    178    18    593    659    10
538    456    157    20    5788    5972    10
539    441    7    20    1563    1690    10
540    270    337    20    7160    7222    10
541    323    29    7    4533    4687    10
542    200    78    31    3981    4080    10
543    330    281    14    5336    5427    10
544    438    488    18    1304    1433    10
545    161    416    25    4036    4173    10
546    30    97    23    4851    4951    10
547    273    70    36    2458    2617    10
548    214    245    8    97    193    10
549    221    291    9    184    305    10
550    79    467    22    1400    1531    10
551    423    315    12    706    855    10
552    395    474    26    1545    1670    10
553    481    207    34    3447    3521    10
554    199    203    20    5851    5928    10
555    497    483    12    1407    1541    10
556    449    428    25    4966    5129    10
557    100    266    5    1897    1981    10
558    214    274    24    5490    5583    10
559    16    68    11    1105    1267    10
560    475    198    20    3335    3466    10
561    371    427    23    3811    3974    10
562    62    375    16    1410    1500    10
563    163    472    9    2611    2736    10
564    13    314    14    985    1086    10
565    376    385    12    640    837    10
566    231    29    14    4896    5035    10
567    89    358    23    4950    5147    10
568    331    356    13    2859    2956    10
569    365    190    22    5897    6043    10
570    256    441    34    722    807    10
571    120    37    28    3087    3236    10
572    349    43    26    855    980    10
573    230    487    20    4552    4605    10
574    489    457    13    1264    1386    10
575    341    72    9    3243    3315    10
576    181    441    25    2177    2278    10
577    306    229    10    5287    5396    10
578    492    326    19    4863    4890    10
579    347    459    25    1931    2024    10
580    66    88    2    3302    3455    10
581    272    234    26    6353    6489    10
582    134    194    19    6631    6703    10
583    320    211    16    3985    4076    10
584    214    311    14    225    341    10
585    489    274    31    2132    2258    10
586    231    410    14    4917    5095    10
587    432    199    7    2551    2678    10
588    29    358    23    2425    2581    10
589    62    236    29    2238    2345    10
590    333    163    32    4973    5068    10
591    364    71    5    5374    5533    10
592    125    65    17    3170    3257    10
593    429    476    23    2314    2392    10
594    161    275    21    5370    5524    10
595    365    274    14    395    545    10
596    117    110    13    3898    4052    10
597    166    345    14    4517    4642    10
598    345    146    27    5727    5905    10
599    324    99    10    1368    1455    10
600    72    477    46    1061    1246    10
601    487    320    21    3448    3534    10
602    120    17    30    1117    1235    10
603    1    252    5    1103    1218    10
604    303    186    10    5422    5531    10
605    428    302    27    4064    4183    10
606    264    135    1    3525    3630    10
607    223    178    20    4566    4645    10
608    174    347    3    4047    4191    10
609    238    123    24    3144    3225    10
610    187    61    19    2155    2325    10
611    52    303    25    1750    1899    10
612    89    185    16    2401    2517    10
613    341    59    27    3156    3282    10
614    89    65    16    2863    3019    10
615    495    355    3    4981    5084    10
616    368    452    16    2673    2806    10
617    164    473    26    1149    1340    10
618    171    34    21    4579    4685    10
619    114    460    14    4371    4437    10
620    224    3    10    2774    2869    10
621    472    57    17    5178    5301    10
622    448    404    15    2407    2505    10
623    390    120    24    4036    4117    10
624    386    225    13    3654    3815    10
625    301    239    31    169    248    10
626    115    296    24    6112    6239    10
627    69    266    12    2997    3190    10
628    115    395    11    3274    3368    10
629    68    53    16    2941    3088    10
630    33    268    18    2751    2936    10
631    450    45    24    2005    2144    10
632    351    5    12    1997    2091    10
633    351    148    30    1838    1971    10
634    80    458    30    1515    1569    10
635    60    5    18    4166    4304    10
636    10    407    36    1758    1838    10
637    497    18    10    4520    4641    10
638    437    98    16    4480    4549    10
639    130    494    6    3036    3154    10
640    391    202    14    517    674    10
641    43    210    20    805    881    10
642    381    457    28    1895    1991    10
643    449    190    2    4533    4707    10
644    429    169    8    3607    3735    10
645    105    140    27    678    779    10
646    282    10    30    5031    5181    10
647    20    480    25    2297    2385    10
648    61    170    20    4010    4156    10
649    210    81    2    1566    1746    10
650    87    311    7    609    784    10
651    309    29    11    5161    5310    10
652    397    57    17    5876    6052    10
653    337    232    2    6266    6418    10
654    262    369    15    513    641    10
655    41    232    16    846    917    10
656    69    414    6    5007    5220    10
657    149    98    4    4664    4777    10
658    207    487    4    2767    2868    10
659    366    260    23    6048    6234    10
660    497    54    14    3918    4027    10
661    210    379    12    2834    2957    10
662    437    19    15    4047    4185    10
663    181    260    23    219    338    10
664    125    61    26    2460    2554    10
665    368    311    14    3709    3820    10
666    80    400    10    5772    5918    10
667    75    118    21    1629    1763    10
668    171    303    18    6334    6501    10
669    80    251    14    1215    1334    10
670    455    168    21    3501    3554    10
671    215    129    17    4479    4589    10
672    179    318    2    4519    4567    10
673    187    73    18    1154    1303    10
674    394    47    5    1223    1401    10
675    31    175    24    1021    1071    10
676    339    144    13    4424    4487    10
677    492    34    5    3242    3362    10
678    387    349    9    627    726    10
679    142    372    18    605    699    10
680    291    213    23    5018    5163    10
681    421    387    15    3211    3318    10
682    274    403    17    3526    3693    10
683    434    359    13    5585    5673    10
684    257    57    18    4913    5015    10
685    428    202    24    3627    3723    10
686    355    174    33    2847    2996    10
687    46    389    22    1034    1140    10
688    44    440    24    3131    3298    10
689    491    369    28    2891    3065    10
690    33    286    11    6225    6263    10
691    351    128    15    5010    5136    10
692    485    428    22    5977    6062    10
693    273    149    14    5987    6154    10
694    447    184    27    1699    1816    10
695    386    245    16    1954    1998    10
696    323    77    36    5590    5771    10
697    21    70    15    3065    3224    10
698    9    101    16    2678    2771    10
699    71    304    19    2745    2888    10
700    43    360    2    3339    3463    10
701    396    417    13    3261    3340    10
702    158    24    18    2419    2590    10
703    164    320    12    4355    4523    10
704    195    386    13    508    666    10
705    306    235    25    172    291    10
706    66    314    26    723    835    10
707    95    64    4    3083    3164    10
708    348    348    23    3705    3893    10
709    495    83    32    1734    1912    10
710    61    214    4    1309    1545    10
711    240    240    35    6820    6897    10
712    140    137    32    2276    2401    10
713    242    106    28    5097    5171    10
714    392    491    10    4542    4641    10
715    342    481    18    5769    5871    10
716    478    300    12    3589    3648    10
717    299    285    3    4991    5160    10
718    481    84    17    2011    2154    10
719    271    128    12    1378    1507    10
720    484    224    7    1204    1312    10
721    441    177    23    4022    4107    10
722    46    163    8    3734    3795    10
723    493    493    20    3457    3515    10
724    253    74    20    5375    5546    10
725    390    34    7    4201    4401    10
726    374    306    4    3992    4081    10
727    436    295    11    2136    2211    10
728    371    315    18    4679    4767    10
729    27    464    21    5135    5313    10
730    3    471    13    2828    2979    10
731    418    269    3    4835    4924    10
732    90    477    18    1086    1136    10
733    141    426    23    2110    2261    10
734    418    251    21    4770    4925    10
735    57    183    15    4375    4548    10
736    29    462    17    5256    5340    10
737    55    318    13    1250    1365    10
738    18    24    32    2551    2596    10
739    263    153    12    1628    1791    10
740    289    220    19    145    248    10
741    84    255    13    1096    1280    10
742    159    299    12    4067    4178    10
743    485    104    21    3162    3314    10
744    178    135    21    6044    6187    10
745    389    255    15    3143    3259    10
746    457    280    17    4013    4105    10
747    171    24    11    5575    5612    10
748    330    371    1    2213    2375    10
749    10    237    19    2463    2588    10
750    458    213    22    4509    4637    10
751    257    391    22    6547    6637    10
752    482    184    14    4437    4538    10
753    222    331    10    2158    2279    10
754    332    5    14    4110    4272    10
755    47    208    30    924    1007    10
756    489    437    29    2809    2965    10
757    165    59    27    3762    3901    10
758    211    446    15    4460    4647    10
759    225    488    28    2540    2664    10
760    355    485    10    5887    6066    10
761    441    374    10    873    1034    10
762    399    175    13    3020    3076    10
763    103    464    22    5092    5211    10
764    244    13    24    4068    4156    10
765    51    360    13    4565    4712    10
766    44    115    24    944    1027    10
767    312    453    6    2180    2337    10
768    64    198    10    4346    4482    10
769    67    451    5    4875    4969    10
770    371    71    21    1116    1298    10
771    439    156    2    2101    2225    10
772    105    474    27    1883    2003    10
773    366    288    29    2747    2843    10
774    415    207    18    3588    3731    10
775    58    39    12    4615    4808    10
776    197    202    29    4784    4966    10
777    442    5    16    1262    1421    10
778    71    12    2    1177    1286    10
779    74    215    10    871    1080    10
780    347    192    18    5930    6096    10
781    178    420    18    4290    4401    10
782    186    135    24    2849    3012    10
783    176    199    28    302    416    10
784    438    5    18    2201    2311    10
785    150    68    23    1710    1793    10
786    185    434    9    2326    2383    10
787    215    79    5    860    1048    10
788    177    486    20    6397    6501    10
789    49    437    7    1698    1842    10
790    100    66    15    5543    5775    10
791    35    344    21    3418    3607    10
792    433    447    20    3179    3294    10
793    372    97    13    838    992    10
794    344    203    14    708    751    10
795    423    170    27    2022    2203    10
796    171    188    30    2481    2604    10
797    64    5    14    4493    4658    10
798    371    163    21    3328    3414    10
799    398    210    31    606    621    10
800    48    437    4    3166    3384    10
801    392    1    11    2419    2543    10
802    195    464    20    6160    6291    10
803    211    248    26    69    243    10
804    293    228    19    133    253    10
805    23    235    43    4086    4220    10
806    213    185    21    233    366    10
807    172    292    17    370    485    10
808    228    287    21    97    248    10
809    387    394    8    4357    4544    10
810    374    232    33    457    546    10
811    48    366    29    2966    3098    10
812    44    311    27    1631    1749    10
813    447    272    12    1559    1631    10
814    132    477    25    1310    1429    10
815    80    117    24    3328    3385    10
816    11    403    18    1416    1448    10
817    144    220    35    365    517    10
818    473    491    23    1654    1772    10
819    210    219    7    134    271    10
820    452    484    26    5136    5212    10
821    365    28    9    1100    1165    10
822    498    456    27    5611    5757    10
823    84    453    19    4911    4993    10
824    91    427    14    3548    3633    10
825    178    72    23    3035    3139    10
826    409    155    19    675    807    10
827    132    151    22    516    716    10
828    136    430    14    2828    2973    10
829    292    104    26    1227    1324    10
830    443    167    17    2211    2254    10
831    321    149    18    5683    5834    10
832    235    13    27    1412    1578    10
833    166    440    12    772    890    10
834    112    433    29    946    1055    10
835    452    172    9    2443    2542    10
836    37    281    17    1940    2125    10
837    414    378    23    1961    2117    10
838    475    352    33    1231    1367    10
839    400    71    17    5522    5574    10
840    286    244    31    5150    5242    10
841    429    389    18    1700    1812    10
842    92    76    4    4598    4634    10
843    124    111    15    3160    3275    10
844    268    458    24    2100    2204    10
845    352    63    6    4718    4827    10
846    49    118    3    4297    4394    10
847    398    329    17    646    697    10
848    382    9    30    1118    1176    10
849    229    322    11    6635    6767    10
850    279    355    9    695    756    10
851    266    221    9    80    185    10
852    142    80    12    1980    2076    10
853    359    287    24    396    524    10
854    482    104    19    3240    3339    10
855    284    457    17    6018    6090    10
856    64    294    12    4402    4528    10
857    404    59    13    3656    3768    10
858    68    160    21    4579    4628    10
859    211    411    15    4631    4662    10
860    30    155    9    5129    5235    10
861    240    34    28    6247    6349    10
862    107    374    8    3642    3792    10
863    404    140    8    5063    5126    10
864    436    467    12    2950    3059    10
865    421    386    29    3310    3404    10
866    182    480    31    1457    1581    10
867    9    233    31    1227    1343    10
868    110    251    23    2007    2095    10
869    19    38    15    3376    3521    10
870    46    248    9    3237    3394    10
871    308    199    14    5986    6201    10
872    423    221    9    1022    1164    10
873    313    391    5    600    716    10
874    413    345    20    4872    4993    10
875    278    450    29    5504    5615    10
876    94    497    31    3132    3246    10
877    7    382    27    3053    3231    10
878    493    111    26    2162    2286    10
879    392    87    23    4730    4851    10
880    13    394    15    1470    1630    10
881    259    301    25    383    528    10
882    351    233    21    5692    5811    10
883    313    493    20    4784    4880    10
884    65    62    15    3883    4048    10
885    417    212    12    3665    3736    10
886    450    194    27    2495    2623    10
887    470    138    16    5531    5704    10
888    190    267    36    7024    7126    10
889    248    214    19    5955    5999    10
890    50    383    20    1056    1145    10
891    244    422    14    2134    2288    10
892    60    29    32    5461    5560    10
893    5    445    30    1230    1377    10
894    490    276    33    961    1061    10
895    441    100    31    3496    3611    10
896    162    388    11    4545    4584    10
897    244    277    18    5204    5326    10
898    406    408    15    5799    5971    10
899    265    240    9    21    123    10
900    130    186    16    513    656    10
901    382    110    24    4427    4592    10
902    142    14    18    3349    3452    10
903    352    487    27    3600    3735    10
904    307    52    23    3703    3781    10
905    418    399    20    1739    1882    10
906    196    56    15    2398    2597    10
907    66    31    25    4214    4293    10
908    90    496    13    5617    5665    10
909    480    136    22    937    1116    10
910    65    82    13    2966    3071    10
911    48    293    22    1120    1208    10
912    105    181    19    6144    6225    10
913    215    282    21    5764    5879    10
914    257    133    19    3418    3600    10
915    77    465    11    1029    1179    10
916    43    135    31    882    1013    10
917    27    444    22    4290    4472    10
918    357    290    24    359    554    10
919    38    15    3    4314    4535    10
920    80    337    28    4483    4590    10
921    36    451    15    3538    3692    10
922    291    251    20    129    200    10
923    195    111    15    3991    4114    10
924    383    17    15    3765    3879    10
925    53    466    9    1332    1468    10
926    114    102    21    2058    2121    10
927    350    199    21    4787    4945    10
928    405    349    15    2084    2215    10
929    472    248    11    3363    3432    10
930    333    293    27    2494    2563    10
931    174    397    32    4978    5099    10
932    2    264    40    2617    2739    10
933    7    82    25    1643    1770    10
934    34    329    2    4172    4292    10
935    158    179    37    373    557    10
936    421    499    23    5363    5519    10
937    345    431    12    1372    1507    10
938    370    262    15    4371    4545    10
939    77    172    23    3160    3244    10
940    87    51    35    2052    2181    10
941    468    352    9    3031    3235    10
942    63    420    19    2071    2206    10
943    347    184    15    4316    4433    10
944    206    174    14    3201    3318    10
945    209    212    18    6142    6200    10
946    466    362    15    4595    4744    10
947    201    278    13    170    282    10
948    206    172    29    3131    3293    10
949    471    94    30    3994    4117    10
950    331    134    11    4479    4631    10
951    274    261    20    6817    6959    10
952    219    215    32    116    259    10
953    349    76    15    4121    4244    10
954    86    189    21    906    1028    10
955    336    493    20    5960    6103    10
956    7    194    29    3784    3947    10
957    492    335    10    3316    3430    10
958    248    386    22    1510    1636    10
959    463    406    23    3439    3540    10
960    199    438    3    5429    5575    10
961    135    30    12    1883    2032    10
962    447    267    19    3910    4046    10
963    235    33    30    5315    5501    10
964    63    155    7    3856    3981    10
965    294    421    26    6292    6431    10
966    318    99    35    4854    4969    10
967    21    146    21    1941    2073    10
968    30    7    23    4734    4895    10
969    410    399    25    983    1007    10
970    405    187    34    4994    5131    10
971    109    56    27    905    1013    10
972    212    47    20    3234    3295    10
973    479    387    13    1620    1680    10
974    167    291    27    6546    6649    10
975    259    498    33    4294    4425    10
976    461    182    13    2540    2612    10
977    277    428    7    1931    2112    10
978    290    328    7    555    714    10
979    146    313    22    4793    4890    10
980    40    304    16    4559    4718    10
981    56    268    28    4268    4364    10
982    104    28    8    5877    6027    10
983    370    493    22    2283    2407    10
984    136    265    12    390    530    10
985    247    306    33    182    266    10
986    241    38    16    2127    2246    10
987    180    162    9    653    855    10
988    253    118    19    2191    2307    10
989    413    391    8    876    981    10
990    380    350    15    3462    3589    10
991    391    112    24    4039    4084    10
992    86    199    23    1114    1228    10
993    91    326    4    3868    3958    10
994    287    256    18    61    239    10
995    203    211    20    5241    5330    10
996    79    80    19    5527    5650    10
997    32    319    21    1621    1703    10
998    167    445    7    5656    5761    10
999    439    237    11    3811    3817    10
1000    373    418    6    5034    5161    10
1001    26    342    12    1298    1390    10
