CUST    NO.    XCOORD.    YCOORD.    DEMAND    READY    TIME    DUE    DATE    SERVICE    TIME
1    70    70    0    0    2535    0
2    101    0    9    1973    2130    10
3    26    50    7    1552    1667    10
4    30    57    20    912    1050    10
5    29    60    14    138    199    10
6    69    116    26    1381    1493    10
7    137    137    27    378    539    10
8    103    119    18    1329    1463    10
9    78    111    22    112    222    10
10    107    25    13    1133    1176    10
11    17    138    8    1719    1861    10
12    37    138    5    866    932    10
13    20    69    13    1472    1673    10
14    121    123    9    1009    1167    10
15    22    104    11    952    1018    10
16    137    7    40    631    735    10
17    50    106    25    1254    1429    10
18    46    112    10    1133    1274    10
19    79    72    22    9    147    10
20    104    32    18    528    670    10
21    8    87    17    1615    1714    10
22    109    139    8    469    555    10
23    80    103    15    1484    1613    10
24    78    63    19    10    128    10
25    95    135    27    1622    1703    10
26    37    79    5    1713    1834    10
27    64    132    8    168    411    10
28    133    130    13    900    998    10
29    39    13    20    1490    1637    10
30    120    14    20    1030    1159    10
31    10    86    14    1634    1771    10
32    140    42    13    412    512    10
33    121    124    21    575    744    10
34    42    29    12    238    362    10
35    44    58    30    47    182    10
36    32    6    11    401    479    10
37    41    36    13    203    328    10
38    106    10    13    1229    1282    10
39    107    102    12    859    1015    10
40    83    38    22    1885    2046    10
41    132    133    24    571    667    10
42    81    57    8    33    104    10
43    120    52    20    1517    1598    10
44    113    32    36    589    683    10
45    137    101    12    720    755    10
46    82    103    15    155    243    10
47    10    111    21    1975    2088    10
48    90    44    6    240    298    10
49    139    73    10    339    477    10
50    89    24    15    1226    1302    10
51    64    138    15    1755    1885    10
52    98    4    20    694    847    10
53    61    34    7    1910    1991    10
54    60    84    23    1914    2059    10
55    13    48    15    1691    1793    10
56    84    88    16    1428    1541    10
57    86    40    22    80    192    10
58    69    115    20    836    1006    10
59    59    115    26    1239    1392    10
60    105    2    1    891    1019    10
61    107    77    34    83    219    10
62    104    54    13    208    333    10
63    54    33    20    118    204    10
64    32    52    32    557    771    10
65    37    125    10    1328    1540    10
66    99    34    9    295    432    10
67    38    122    13    941    1052    10
68    85    75    37    22    186    10
69    109    131    16    899    1031    10
70    103    77    17    1203    1242    10
71    47    83    1    1280    1381    10
72    139    68    25    275    472    10
73    88    29    33    2254    2377    10
74    39    100    31    274    374    10
75    48    47    19    94    161    10
76    104    73    17    990    1124    10
77    9    19    10    1472    1631    10
78    103    44    12    107    229    10
79    73    96    9    656    793    10
80    44    116    27    199    345    10
81    71    70    9    1916    2047    10
82    83    12    29    911    1050    10
83    36    54    15    1482    1614    10
84    16    92    10    1430    1561    10
85    56    139    18    1284    1314    10
86    27    104    1    2014    2124    10
87    67    96    26    1975    2081    10
88    34    72    21    2152    2357    10
89    120    22    39    440    591    10
90    54    106    9    1204    1270    10
91    63    129    7    817    954    10
92    33    117    20    365    507    10
93    102    52    15    625    766    10
94    13    129    25    1414    1517    10
95    34    20    15    636    689    10
96    114    109    16    326    412    10
97    86    80    21    1464    1652    10
98    33    0    20    1920    2060    10
99    18    104    18    1350    1463    10
100    70    83    23    1938    2061    10
101    12    48    4    234    351    10
102    139    72    23    1349    1466    10
103    109    78    21    923    1098    10
104    116    22    32    558    663    10
105    27    46    35    839    953    10
106    19    120    16    1102    1107    10
107    23    39    20    1419    1514    10
108    110    99    21    1227    1315    10
109    15    18    10    1581    1739    10
110    18    70    26    1531    1717    10
111    16    62    15    1589    1700    10
112    61    57    35    1486    1633    10
113    123    84    13    1652    1800    10
114    37    73    33    1358    1449    10
115    115    124    11    1634    1774    10
116    93    61    10    2084    2205    10
117    89    39    23    101    190    10
118    65    0    20    282    432    10
119    108    30    18    381    504    10
120    120    60    18    216    337    10
121    92    22    18    758    882    10
122    2    106    16    1541    1673    10
123    117    92    25    1144    1240    10
124    26    130    20    1089    1172    10
125    85    111    25    1035    1109    10
126    113    45    4    1195    1317    10
127    40    113    23    1838    2094    10
128    138    105    24    1589    1759    10
129    116    105    23    582    691    10
130    110    28    20    1236    1328    10
131    12    138    14    1096    1221    10
132    66    40    20    40    202    10
133    140    36    1    669    855    10
134    50    112    18    929    1045    10
135    23    19    16    669    824    10
136    4    71    19    640    763    10
137    92    138    12    1598    1738    10
138    69    6    8    328    456    10
139    100    99    17    1216    1295    10
140    116    13    5    242    343    10
141    112    13    27    2095    2224    10
142    49    140    3    944    1048    10
143    36    124    34    935    1055    10
144    120    47    18    129    312    10
145    60    54    3    915    1118    10
146    115    82    30    1064    1195    10
147    139    110    19    765    887    10
148    126    23    13    1051    1177    10
149    58    80    18    1820    1976    10
150    30    21    12    1287    1413    10
151    64    115    15    514    687    10
152    82    100    18    411    543    10
153    113    35    9    166    357    10
154    35    90    20    1790    1896    10
155    58    95    35    1949    2050    10
156    117    4    9    1658    1810    10
157    97    115    25    1478    1589    10
158    56    129    21    1176    1237    10
159    54    41    9    1124    1246    10
160    136    123    31    1272    1396    10
161    129    24    18    1341    1458    10
162    46    133    7    321    403    10
163    58    11    9    533    604    10
164    54    78    11    2204    2315    10
165    65    80    20    11    101    10
166    28    62    23    815    873    10
167    55    127    17    1028    1160    10
168    137    84    41    438    517    10
169    79    80    4    13    145    10
170    51    92    9    1797    1905    10
171    12    84    16    777    933    10
172    66    82    27    2040    2088    10
173    97    12    10    861    908    10
174    67    120    5    1416    1574    10
175    55    102    4    1294    1343    10
176    90    14    31    1866    1965    10
177    20    106    24    1095    1226    10
178    15    4    23    406    520    10
179    138    78    43    787    951    10
180    60    23    16    224    325    10
181    29    94    1    1099    1240    10
182    70    94    32    25    168    10
183    4    44    24    1665    1780    10
184    66    91    16    43    129    10
185    119    73    15    476    581    10
186    135    65    3    1313    1517    10
187    103    82    27    1282    1448    10
188    104    139    29    1338    1466    10
189    15    9    2    1663    1738    10
190    5    99    24    1306    1407    10
191    36    38    5    1781    1841    10
192    125    68    20    793    863    10
193    44    36    9    211    290    10
194    137    127    28    786    899    10
195    120    102    18    407    486    10
196    138    24    12    705    851    10
197    103    86    19    1047    1135    10
198    137    96    9    194    381    10
199    8    138    10    1138    1312    10
200    81    36    17    237    382    10
201    116    83    30    732    823    10
