CUST    NO.    XCOORD.    YCOORD.    DEMAND    READY    TIME    DUE    DATE    SERVICE    TIME
1    70    70    0    0    634    0
2    10    86    14    0    562    10
3    16    62    15    0    570    10
4    84    36    10    102    132    10
5    79    72    22    9    39    10
6    16    39    20    81    111    10
7    61    54    10    40    70    10
8    96    26    10    57    87    10
9    16    92    10    0    566    10
10    85    106    20    0    585    10
11    6    25    10    0    546    10
12    37    125    10    343    373    10
13    87    108    20    58    88    10
14    18    104    18    337    367    10
15    61    48    20    68    98    10
16    97    29    30    0    575    10
17    112    67    10    0    582    10
18    50    106    25    320    350    10
19    99    28    30    82    112    10
20    15    9    2    410    440    10
21    19    37    20    0    564    10
22    90    101    10    155    185    10
23    125    68    20    192    222    10
24    127    108    10    135    165    10
25    90    44    6    0    592    10
26    4    23    10    0    543    10
27    17    37    30    0    562    10
28    113    32    36    0    567    10
29    63    57    10    0    610    10
30    94    104    10    128    158    10
31    58    95    35    485    515    10
32    137    96    9    0    553    10
33    127    112    20    121    151    10
34    103    119    18    334    364    10
35    20    69    13    0    574    10
36    2    28    10    79    109    10
37    88    29    33    0    580    10
38    86    102    10    35    65    10
39    126    112    10    110    140    10
40    61    34    7    473    503    10
41    113    69    20    70    100    10
42    109    78    21    0    585    10
43    21    48    10    0    571    10
44    86    36    20    79    109    10
45    97    12    10    206    236    10
46    121    112    20    74    104    10
47    19    39    10    138    168    10
48    66    40    20    30    60    10
49    87    39    20    0    589    10
50    63    50    10    0    603    10
51    121    123    9    257    287    10
52    116    22    32    138    168    10
53    137    101    12    169    199    10
54    137    137    27    100    130    10
55    70    94    32    24    54    10
56    117    92    25    0    573    10
57    122    113    20    0    557    10
58    109    71    20    39    69    10
59    35    102    10    172    202    10
60    91    108    10    72    102    10
61    8    87    17    0    560    10
62    140    42    13    0    549    10
63    16    38    20    0    562    10
64    44    36    9    0    582    10
65    60    84    23    482    512    10
66    109    139    8    113    143    10
67    80    103    15    0    590    10
68    66    82    27    501    531    10
69    99    26    40    0    572    10
70    34    108    10    0    572    10
71    135    65    3    339    369    10
72    36    124    34    0    561    10
73    102    60    30    135    165    10
74    30    21    12    0    561    10
75    139    110    19    0    545    10
76    10    111    21    493    523    10
77    18    70    26    391    421    10
78    4    28    10    0    546    10
79    57    53    10    0    603    10
80    54    41    9    281    311    10
81    107    25    13    274    304    10
82    110    99    21    303    333    10
83    84    88    16    0    602    10
84    101    0    9    0    548    10
85    28    99    10    0    573    10
86    119    114    20    0    559    10
87    118    108    10    175    205    10
88    50    112    18    0    578    10
89    44    116    27    53    83    10
90    82    100    18    0    592    10
91    83    12    29    230    260    10
92    126    23    13    0    551    10
93    85    75    37    0    609    10
94    39    13    20    0    560    10
95    120    136    10    115    145    10
96    105    2    1    0    548    10
97    36    54    15    0    587    10
98    35    90    20    446    476    10
99    111    66    20    94    124    10
100    119    136    30    0    542    10
101    84    99    20    32    62    10
102    137    127    28    196    226    10
103    95    35    10    0    581    10
104    69    6    8    0    560    10
105    1    24    10    0    542    10
106    31    112    20    0    567    10
107    138    78    43    0    556    10
108    100    99    17    0    583    10
109    123    112    20    0    557    10
110    119    130    20    0    547    10
111    92    22    18    0    572    10
112    137    7    40    156    186    10
113    121    124    21    150    180    10
114    34    104    10    0    575    10
115    121    110    30    0    560    10
116    56    139    18    310    340    10
117    106    10    13    299    329    10
118    125    108    20    0    558    10
119    21    115    10    86    116    10
120    110    66    10    0    584    10
121    36    38    5    438    468    10
122    56    129    21    0    564    10
123    4    30    40    0    547    10
124    8    138    10    291    321    10
125    88    35    20    0    585    10
126    116    132    10    0    547    10
127    113    45    4    299    329    10
128    28    107    20    0    569    10
129    115    134    30    78    108    10
130    116    83    30    179    209    10
131    57    59    10    122    152    10
132    89    39    23    0    588    10
133    59    52    20    0    603    10
134    112    71    20    0    582    10
135    35    99    20    185    215    10
136    23    39    20    0    568    10
137    84    39    20    115    145    10
138    19    120    16    261    291    10
139    20    39    10    149    179    10
140    90    104    20    0    585    10
141    66    91    16    21    51    10
142    4    44    24    416    446    10
143    78    63    19    10    40    10
144    92    107    30    0    581    10
145    37    138    5    0    549    10
146    120    14    20    259    289    10
147    33    0    20    0    545    10
148    113    71    10    58    88    10
149    112    13    27    0    554    10
150    41    36    13    0    580    10
151    64    61    20    0    614    10
152    121    134    20    127    157    10
153    103    44    12    42    72    10
154    67    55    10    0    609    10
155    86    80    21    0    606    10
156    64    132    8    62    92    10
157    93    36    20    41    71    10
158    115    124    11    0    554    10
159    103    82    27    326    356    10
160    18    38    30    115    145    10
161    122    131    20    0    544    10
162    107    63    30    0    587    10
163    48    47    19    0    593    10
164    62    58    20    26    56    10
165    0    27    30    91    121    10
166    118    114    10    65    95    10
167    91    95    20    0    592    10
168    113    35    9    0    569    10
169    119    139    20    91    121    10
170    104    54    13    53    83    10
171    15    4    23    0    539    10
172    59    56    20    108    138    10
173    21    44    20    55    85    10
174    100    106    10    0    578    10
175    47    83    1    0    598    10
176    34    72    21    549    579    10
177    32    106    10    134    164    10
178    109    131    20    0    552    10
179    89    24    15    0    575    10
180    97    28    20    0    575    10
181    86    37    10    90    120    10
182    1    34    20    0    547    10
183    103    69    30    33    63    10
184    98    31    20    0    576    10
185    103    34    30    0    576    10
186    13    48    15    420    450    10
187    22    38    20    161    191    10
188    61    59    20    0    610    10
189    94    105    10    117    147    10
190    118    131    20    0    547    10
191    108    30    18    96    126    10
192    36    105    20    0    576    10
193    133    130    13    222    252    10
194    15    18    10    0    549    10
195    103    86    19    0    588    10
196    107    77    34    0    587    10
197    99    34    9    0    578    10
198    17    43    10    67    97    10
199    140    36    1    176    206    10
200    26    105    40    56    86    10
201    60    23    16    0    576    10
