CUST    NO.    XCOORD.    YCOORD.    DEMAND    READY    TIME    DUE    DATE    SERVICE    TIME
1    70    70    0    0    634    0
2    10    86    14    351    501    10
3    16    62    15    336    486    10
4    84    36    10    42    192    10
5    79    72    22    9    159    10
6    16    39    20    62    212    10
7    61    54    10    18    168    10
8    96    26    10    51    201    10
9    16    92    10    299    449    10
10    85    106    20    39    189    10
11    6    25    10    78    228    10
12    37    125    10    283    433    10
13    87    108    20    41    191    10
14    18    104    18    277    427    10
15    61    48    20    23    173    10
16    97    29    30    49    199    10
17    112    67    10    42    192    10
18    50    106    25    260    410    10
19    99    28    30    51    201    10
20    15    9    2    350    500    10
21    19    37    20    66    216    10
22    90    101    10    95    245    10
23    125    68    20    132    282    10
24    127    108    10    75    225    10
25    90    44    6    32    182    10
26    4    23    10    81    231    10
27    17    37    30    62    212    10
28    113    32    36    84    234    10
29    63    57    10    14    164    10
30    94    104    10    68    218    10
31    58    95    35    425    575    10
32    137    96    9    71    221    10
33    127    112    20    70    220    10
34    103    119    18    274    424    10
35    20    69    13    318    468    10
36    2    28    10    79    229    10
37    88    29    33    430    580    10
38    86    102    10    35    185    10
39    126    112    10    70    220    10
40    61    34    7    413    563    10
41    113    69    20    43    193    10
42    109    78    21    178    328    10
43    21    48    10    53    203    10
44    86    36    20    37    187    10
45    97    12    10    146    296    10
46    121    112    20    66    216    10
47    19    39    10    78    228    10
48    66    40    20    30    180    10
49    87    39    20    35    185    10
50    63    50    10    21    171    10
51    121    123    9    197    347    10
52    116    22    32    78    228    10
53    137    101    12    109    259    10
54    137    137    27    94    244    10
55    70    94    32    24    174    10
56    117    92    25    223    373    10
57    122    113    20    67    217    10
58    109    71    20    39    189    10
59    35    102    10    112    262    10
60    91    108    10    43    193    10
61    8    87    17    341    491    10
62    140    42    13    75    225    10
63    16    38    20    62    212    10
64    44    36    9    42    192    10
65    60    84    23    422    572    10
66    109    139    8    79    229    10
67    80    103    15    312    462    10
68    66    82    27    441    591    10
69    99    26    40    52    202    10
70    34    108    10    61    211    10
71    135    65    3    279    429    10
72    36    124    34    174    324    10
73    102    60    30    75    225    10
74    30    21    12    262    412    10
75    139    110    19    131    281    10
76    10    111    21    402    552    10
77    18    70    26    331    481    10
78    4    28    10    84    234    10
79    57    53    10    34    184    10
80    54    41    9    221    371    10
81    107    25    13    214    364    10
82    110    99    21    243    393    10
83    84    88    16    296    446    10
84    101    0    9    398    548    10
85    28    99    10    51    201    10
86    119    114    20    65    215    10
87    118    108    10    115    265    10
88    50    112    18    172    322    10
89    44    116    27    52    202    10
90    82    100    18    44    194    10
91    83    12    29    170    320    10
92    126    23    13    203    353    10
93    85    75    37    15    165    10
94    39    13    20    316    466    10
95    120    136    10    82    232    10
96    105    2    1    164    314    10
97    36    54    15    312    462    10
98    35    90    20    386    536    10
99    111    66    20    41    191    10
100    119    136    30    82    232    10
101    84    99    20    32    182    10
102    137    127    28    136    286    10
103    95    35    10    43    193    10
104    69    6    8    64    214    10
105    1    24    10    82    232    10
106    31    112    20    57    207    10
107    138    78    43    142    292    10
108    100    99    17    239    389    10
109    123    112    20    67    217    10
110    119    130    20    93    243    10
111    92    22    18    130    280    10
112    137    7    40    96    246    10
113    121    124    21    90    240    10
114    34    104    10    87    237    10
115    121    110    30    101    251    10
116    56    139    18    250    400    10
117    106    10    13    239    389    10
118    125    108    20    87    237    10
119    21    115    10    66    216    10
120    110    66    10    45    195    10
121    36    38    5    378    528    10
122    56    129    21    227    377    10
123    4    30    40    96    246    10
124    8    138    10    231    381    10
125    88    35    20    39    189    10
126    116    132    10    117    267    10
127    113    45    4    239    389    10
128    28    107    20    55    205    10
129    115    134    30    78    228    10
130    116    83    30    119    269    10
131    57    59    10    62    212    10
132    89    39    23    36    186    10
133    59    52    20    22    172    10
134    112    71    20    42    192    10
135    35    99    20    125    275    10
136    23    39    20    292    442    10
137    84    39    20    55    205    10
138    19    120    16    201    351    10
139    20    39    10    89    239    10
140    90    104    20    82    232    10
141    66    91    16    21    171    10
142    4    44    24    356    506    10
143    78    63    19    10    160    10
144    92    107    30    43    193    10
145    37    138    5    150    300    10
146    120    14    20    199    349    10
147    33    0    20    395    545    10
148    113    71    10    43    193    10
149    112    13    27    404    554    10
150    41    36    13    44    194    10
151    64    61    20    89    239    10
152    121    134    20    81    231    10
153    103    44    12    42    192    10
154    67    55    10    15    165    10
155    86    80    21    314    464    10
156    64    132    8    62    212    10
157    93    36    20    41    191    10
158    115    124    11    351    501    10
159    103    82    27    266    416    10
160    18    38    30    61    211    10
161    122    131    20    80    230    10
162    107    63    30    59    209    10
163    48    47    19    31    181    10
164    62    58    20    14    164    10
165    0    27    30    82    232    10
166    118    114    10    65    215    10
167    91    95    20    111    261    10
168    113    35    9    55    205    10
169    119    139    20    84    234    10
170    104    54    13    37    187    10
171    15    4    23    85    235    10
172    59    56    20    48    198    10
173    21    44    20    55    205    10
174    100    106    10    46    196    10
175    47    83    1    258    408    10
176    34    72    21    438    588    10
177    32    106    10    74    224    10
178    109    131    20    72    222    10
179    89    24    15    241    391    10
180    97    28    20    49    199    10
181    86    37    10    36    186    10
182    1    34    20    77    227    10
183    103    69    30    33    183    10
184    98    31    20    48    198    10
185    103    34    30    51    201    10
186    13    48    15    360    510    10
187    22    38    20    101    251    10
188    61    59    20    76    226    10
189    94    105    10    57    207    10
190    118    131    20    104    254    10
191    108    30    18    55    205    10
192    36    105    20    99    249    10
193    133    130    13    162    312    10
194    15    18    10    340    490    10
195    103    86    19    198    348    10
196    107    77    34    37    187    10
197    99    34    9    46    196    10
198    17    43    10    59    209    10
199    140    36    1    116    266    10
200    26    105    40    56    206    10
201    60    23    16    48    198    10
