CUST    NO.    XCOORD.    YCOORD.    DEMAND    READY    TIME    DUE    DATE    SERVICE    TIME
1    70    70    0    0    634    0
2    10    86    14    396    456    10
3    16    62    15    381    441    10
4    84    36    10    87    147    10
5    79    72    22    9    69    10
6    16    39    20    66    126    10
7    61    54    10    25    85    10
8    96    26    10    51    111    10
9    16    92    10    344    404    10
10    85    106    20    39    99    10
11    6    25    10    115    175    10
12    37    125    10    328    388    10
13    87    108    20    43    103    10
14    18    104    18    322    382    10
15    61    48    20    53    113    10
16    97    29    30    49    109    10
17    112    67    10    68    128    10
18    50    106    25    305    365    10
19    99    28    30    67    127    10
20    15    9    2    395    455    10
21    19    37    20    111    171    10
22    90    101    10    140    200    10
23    125    68    20    177    237    10
24    127    108    10    120    180    10
25    90    44    6    37    97    10
26    4    23    10    102    162    10
27    17    37    30    88    148    10
28    113    32    36    129    189    10
29    63    57    10    14    74    10
30    94    104    10    113    173    10
31    58    95    35    470    530    10
32    137    96    9    71    131    10
33    127    112    20    106    166    10
34    103    119    18    319    379    10
35    20    69    13    363    423    10
36    2    28    10    79    139    10
37    88    29    33    520    580    10
38    86    102    10    35    95    10
39    126    112    10    95    155    10
40    61    34    7    458    518    10
41    113    69    20    55    115    10
42    109    78    21    223    283    10
43    21    48    10    53    113    10
44    86    36    20    64    124    10
45    97    12    10    191    251    10
46    121    112    20    66    126    10
47    19    39    10    123    183    10
48    66    40    20    30    90    10
49    87    39    20    35    95    10
50    63    50    10    40    100    10
51    121    123    9    242    302    10
52    116    22    32    123    183    10
53    137    101    12    154    214    10
54    137    137    27    94    154    10
55    70    94    32    24    84    10
56    117    92    25    268    328    10
57    122    113    20    70    130    10
58    109    71    20    39    99    10
59    35    102    10    157    217    10
60    91    108    10    57    117    10
61    8    87    17    386    446    10
62    140    42    13    86    146    10
63    16    38    20    77    137    10
64    44    36    9    42    102    10
65    60    84    23    467    527    10
66    109    139    8    98    158    10
67    80    103    15    357    417    10
68    66    82    27    486    546    10
69    99    26    40    55    115    10
70    34    108    10    106    166    10
71    135    65    3    324    384    10
72    36    124    34    219    279    10
73    102    60    30    120    180    10
74    30    21    12    307    367    10
75    139    110    19    176    236    10
76    10    111    21    478    538    10
77    18    70    26    376    436    10
78    4    28    10    129    189    10
79    57    53    10    79    139    10
80    54    41    9    266    326    10
81    107    25    13    259    319    10
82    110    99    21    288    348    10
83    84    88    16    341    401    10
84    101    0    9    483    543    10
85    28    99    10    51    111    10
86    119    114    20    65    125    10
87    118    108    10    160    220    10
88    50    112    18    217    277    10
89    44    116    27    52    112    10
90    82    100    18    89    149    10
91    83    12    29    215    275    10
92    126    23    13    248    308    10
93    85    75    37    15    75    10
94    39    13    20    361    421    10
95    120    136    10    100    160    10
96    105    2    1    209    269    10
97    36    54    15    357    417    10
98    35    90    20    431    491    10
99    111    66    20    79    139    10
100    119    136    30    89    149    10
101    84    99    20    32    92    10
102    137    127    28    181    241    10
103    95    35    10    43    103    10
104    69    6    8    68    128    10
105    1    24    10    89    149    10
106    31    112    20    91    151    10
107    138    78    43    187    247    10
108    100    99    17    284    344    10
109    123    112    20    82    142    10
110    119    130    20    138    198    10
111    92    22    18    175    235    10
112    137    7    40    141    201    10
113    121    124    21    135    195    10
114    34    104    10    132    192    10
115    121    110    30    146    206    10
116    56    139    18    295    355    10
117    106    10    13    284    344    10
118    125    108    20    132    192    10
119    21    115    10    71    131    10
120    110    66    10    90    150    10
121    36    38    5    423    483    10
122    56    129    21    272    332    10
123    4    30    40    141    201    10
124    8    138    10    276    336    10
125    88    35    20    51    111    10
126    116    132    10    162    222    10
127    113    45    4    284    344    10
128    28    107    20    55    115    10
129    115    134    30    78    138    10
130    116    83    30    164    224    10
131    57    59    10    107    167    10
132    89    39    23    36    96    10
133    59    52    20    67    127    10
134    112    71    20    42    102    10
135    35    99    20    170    230    10
136    23    39    20    337    397    10
137    84    39    20    100    160    10
138    19    120    16    246    306    10
139    20    39    10    134    194    10
140    90    104    20    127    187    10
141    66    91    16    21    81    10
142    4    44    24    401    461    10
143    78    63    19    10    70    10
144    92    107    30    68    128    10
145    37    138    5    195    255    10
146    120    14    20    244    304    10
147    33    0    20    467    527    10
148    113    71    10    43    103    10
149    112    13    27    494    554    10
150    41    36    13    44    104    10
151    64    61    20    134    194    10
152    121    134    20    112    172    10
153    103    44    12    42    102    10
154    67    55    10    15    75    10
155    86    80    21    359    419    10
156    64    132    8    62    122    10
157    93    36    20    41    101    10
158    115    124    11    396    456    10
159    103    82    27    311    371    10
160    18    38    30    100    160    10
161    122    131    20    125    185    10
162    107    63    30    104    164    10
163    48    47    19    31    91    10
164    62    58    20    14    74    10
165    0    27    30    82    142    10
166    118    114    10    65    125    10
167    91    95    20    156    216    10
168    113    35    9    55    115    10
169    119    139    20    84    144    10
170    104    54    13    37    97    10
171    15    4    23    85    145    10
172    59    56    20    93    153    10
173    21    44    20    55    115    10
174    100    106    10    86    146    10
175    47    83    1    303    363    10
176    34    72    21    528    588    10
177    32    106    10    119    179    10
178    109    131    20    72    132    10
179    89    24    15    286    346    10
180    97    28    20    49    109    10
181    86    37    10    75    135    10
182    1    34    20    77    137    10
183    103    69    30    33    93    10
184    98    31    20    80    140    10
185    103    34    30    96    156    10
186    13    48    15    405    465    10
187    22    38    20    146    206    10
188    61    59    20    121    181    10
189    94    105    10    102    162    10
190    118    131    20    149    209    10
191    108    30    18    81    141    10
192    36    105    20    144    204    10
193    133    130    13    207    267    10
194    15    18    10    385    445    10
195    103    86    19    243    303    10
196    107    77    34    37    97    10
197    99    34    9    61    121    10
198    17    43    10    59    119    10
199    140    36    1    161    221    10
200    26    105    40    56    116    10
201    60    23    16    48    108    10
