5    352    487    27    902    932    10
6    230    197    40    122    152    10
7    175    239    23    75    105    10
8    133    202    33    461    491    10
9    328    458    17    768    798    10
10    25    499    10    445    475    10
11    226    423    15    197    227    10
12    313    282    20    163    193    10
13    60    454    10    347    377    10
14    239    486    3    1482    1512    10
15    102    264    10    148    178    10
16    408    452    10    272    302    10
17    451    62    5    282    312    10
18    203    390    40    159    189    10
19    92    233    10    224    254    10
20    7    300    30    345    375    10
21    409    90    20    258    288    10
22    307    108    10    237    267    10
23    347    54    10    295    325    10
24    406    87    10    313    343    10
25    371    332    14    530    560    10
26    116    466    20    254    284    10
27    441    265    40    197    227    10
28    130    140    17    194    224    10
29    80    117    24    824    854    10
30    421    387    15    801    831    10
31    83    300    26    500    530    10
32    136    52    10    293    323    10
33    18    462    20    398    428    10
34    390    120    24    1004    1034    10
35    188    119    44    975    1005    10
36    467    114    10    376    406    10
37    440    292    24    940    970    10
38    268    400    20    243    273    10
39    391    202    14    148    178    10
40    377    432    20    831    861    10
41    80    290    10    197    227    10
42    439    15    20    343    373    10
43    307    52    23    920    950    10
44    111    192    11    1199    1229    10
45    131    56    10    256    286    10
46    88    286    10    252    282    10
47    69    414    6    1263    1293    10
48    41    232    16    209    239    10
49    323    77    36    1405    1435    10
50    340    416    36    321    351    10
51    86    199    23    278    308    10
52    314    124    20    231    261    10
53    375    191    30    167    197    10
54    226    175    23    1694    1724    10
55    242    106    28    1268    1298    10
56    417    417    10    332    362    10
57    419    459    20    316    346    10
58    389    11    20    323    353    10
59    450    416    25    577    607    10
60    246    255    10    113    143    10
61    71    333    10    197    227    10
62    105    474    27    471    501    10
63    20    489    10    383    413    10
64    388    331    20    160    190    10
65    92    259    4    399    429    10
66    200    261    10    166    196    10
67    400    288    30    154    184    10
68    299    285    3    1254    1284    10
69    378    199    10    207    237    10
70    325    147    14    1187    1217    10
71    421    386    29    824    854    10
72    404    447    20    250    280    10
73    412    478    7    960    990    10
74    26    67    15    1317    1347    10
75    358    183    20    234    264    10
76    30    302    10    267    297    10
77    176    470    14    547    577    10
78    96    270    20    162    192    10
79    243    408    15    1434    1464    10
80    60    29    32    1363    1393    10
81    34    169    11    484    514    10
82    407    280    10    209    239    10
83    277    403    10    175    205    10
84    498    456    27    1406    1436    10
85    384    491    20    348    378    10
86    355    174    33    715    745    10
87    97    288    22    1284    1314    10
88    316    284    20    125    155    10
89    334    403    26    174    204    10
90    415    223    20    305    335    10
91    230    320    8    1192    1222    10
92    432    199    7    639    669    10
93    92    18    8    1124    1154    10
94    273    300    30    55    85    10
95    269    112    19    1263    1293    10
96    429    389    18    424    454    10
97    371    71    21    287    317    10
98    5    297    10    331    361    10
99    414    378    23    495    525    10
100    38    15    3    1091    1121    10
101    2    295    30    306    336    10
102    237    254    20    83    113    10
103    54    445    10    308    338    10
104    382    110    24    1112    1142    10
105    438    488    18    327    357    10
106    395    331    20    217    247    10
107    230    487    20    1130    1160    10
108    249    407    10    174    204    10
109    488    26    30    433    463    10
110    151    81    28    1558    1588    10
111    483    14    10    363    393    10
112    0    422    8    821    851    10
113    429    67    16    732    762    10
114    195    464    20    1541    1571    10
115    356    256    19    106    136    10
116    264    180    33    1681    1711    10
117    94    235    20    156    186    10
118    474    96    30    271    301    10
119    268    52    10    306    336    10
120    44    440    24    789    819    10
121    7    382    27    770    800    10
122    459    53    20    1122    1152    10
123    491    25    10    409    439    10
124    439    243    20    314    344    10
125    210    185    20    76    106    10
126    150    68    23    423    453    10
127    201    270    10    52    82    10
128    0    188    26    932    962    10
129    103    464    22    1273    1303    10
130    325    56    13    796    826    10
131    44    344    12    1079    1109    10
132    418    75    11    448    478    10
133    472    57    17    1295    1325    10
134    460    328    13    224    254    10
135    89    270    10    204    234    10
136    374    190    20    143    173    10
137    463    253    23    1047    1077    10
138    97    93    20    240    270    10
139    163    472    9    653    683    10
140    29    336    22    332    362    10
141    84    453    19    1223    1253    10
142    294    421    26    1575    1605    10
143    343    62    10    357    387    10
144    371    193    20    133    163    10
145    142    372    18    162    192    10
146    66    88    2    830    860    10
147    395    332    10    206    236    10
148    93    413    17    226    256    10
149    267    394    10    259    289    10
150    249    258    30    127    157    10
151    472    129    10    252    282    10
152    87    3    13    1433    1463    10
153    62    326    20    286    316    10
154    212    186    11    1707    1737    10
155    241    402    11    1025    1055    10
156    439    266    10    189    219    10
157    79    80    19    1382    1412    10
158    62    453    10    295    325    10
159    188    151    7    1297    1327    10
160    386    154    31    1101    1131    10
161    38    301    20    296    326    10
162    192    265    10    124    154    10
163    371    192    30    134    164    10
164    64    294    12    1101    1131    10
165    381    494    10    333    363    10
166    437    12    20    330    360    10
167    186    135    24    718    748    10
168    459    10    10    335    365    10
169    175    422    24    1446    1476    10
170    274    48    10    211    241    10
171    488    173    20    279    309    10
172    398    97    10    212    242    10
173    385    17    40    809    839    10
174    180    283    23    744    774    10
175    71    12    2    297    327    10
176    343    49    10    265    295    10
177    248    251    20    2    32    10
178    7    194    29    951    981    10
179    322    290    23    1479    1509    10
180    410    399    25    234    264    10
181    398    103    30    278    308    10
182    385    285    13    868    898    10
183    179    497    1    1411    1441    10
184    464    13    20    385    415    10
185    492    335    10    828    858    10
186    27    464    21    1291    1321    10
187    231    29    14    1226    1256    10
188    157    38    3    1048    1078    10
189    439    268    10    298    328    10
190    149    214    7    482    512    10
191    187    73    18    292    322    10
192    429    169    8    903    933    10
193    350    199    21    1201    1231    10
194    60    231    32    1026    1056    10
195    448    404    15    599    629    10
196    481    20    20    347    377    10
197    436    25    19    1282    1312    10
198    111    459    20    359    389    10
199    389    17    10    366    396    10
200    148    208    22    526    556    10
201    475    477    20    405    435    10
202    390    325    30    251    281    10
203    346    354    8    817    847    10
204    91    266    10    233    263    10
205    17    65    20    327    357    10
206    391    112    24    1000    1030    10
207    224    203    20    53    83    10
208    426    231    24    1028    1058    10
209    260    472    33    1036    1066    10
210    265    0    10    896    926    10
211    391    293    20    226    256    10
212    411    421    20    315    345    10
213    132    30    20    326    356    10
214    475    480    30    379    409    10
215    286    244    31    1284    1314    10
216    436    237    20    186    216    10
217    402    284    30    165    195    10
218    287    397    12    564    594    10
219    272    420    7    1386    1416    10
220    477    120    10    342    372    10
221    145    434    20    233    263    10
222    33    286    11    1546    1576    10
223    370    262    15    1099    1129    10
224    393    20    20    391    421    10
225    330    308    24    1170    1200    10
226    246    398    40    148    178    10
227    482    184    14    1107    1137    10
228    451    305    13    208    238    10
229    226    316    21    70    100    10
230    110    459    30    348    378    10
231    244    250    10    12    42    10
232    458    16    20    313    343    10
233    390    34    7    1060    1090    10
234    423    214    20    217    247    10
235    219    215    32    46    76    10
236    326    118    10    152    182    10
237    365    74    24    848    878    10
238    331    356    13    712    742    10
239    210    398    10    204    234    10
240    403    93    10    341    371    10
241    248    404    30    154    184    10
242    65    62    15    976    1006    10
243    460    13    20    322    352    10
244    0    293    30    279    309    10
245    211    248    26    39    69    10
246    484    174    10    265    295    10
247    175    352    12    1655    1685    10
248    455    168    21    867    897    10
249    224    191    20    81    111    10
250    439    156    2    526    556    10
251    434    359    13    1392    1422    10
252    118    314    26    338    368    10
253    234    246    10    65    95    10
254    406    450    20    259    289    10
255    75    118    21    409    439    10
256    115    395    11    815    845    10
257    329    456    19    249    279    10
258    218    403    15    1319    1349    10
259    149    341    6    404    434    10
260    253    74    20    1350    1380    10
261    436    241    20    327    357    10
262    238    203    10    94    124    10
263    405    455    40    341    371    10
264    485    27    10    446    476    10
265    323    118    20    161    191    10
266    330    371    1    559    589    10
267    25    65    10    376    406    10
268    406    96    20    219    249    10
269    49    451    20    284    314    10
270    307    249    10    1377    1407    10
271    178    135    21    1514    1544    10
272    299    353    34    114    144    10
273    236    213    20    39    69    10
274    355    177    20    127    157    10
275    394    23    20    404    434    10
276    306    235    25    57    87    10
277    90    477    18    277    307    10
278    379    486    22    672    702    10
279    435    16    10    367    397    10
280    8    497    40    408    438    10
281    150    484    16    625    655    10
282    213    399    18    234    264    10
283    391    18    10    378    408    10
284    111    392    18    1169    1199    10
285    330    281    14    1330    1360    10
286    344    203    14    167    197    10
287    91    235    10    269    299    10
288    346    60    10    321    351    10
289    483    27    20    458    488    10
290    382    498    10    309    339    10
291    457    492    7    508    538    10
292    291    213    23    1258    1288    10
293    154    374    36    937    967    10
294    225    196    10    59    89    10
295    94    40    24    1068    1098    10
296    0    356    13    1086    1116    10
297    297    283    28    1349    1379    10
298    371    423    10    211    241    10
299    417    217    30    189    219    10
300    500    228    8    782    812    10
301    412    214    10    165    195    10
302    442    289    25    195    225    10
303    157    269    31    1576    1606    10
304    440    241    10    301    331    10
305    100    266    20    150    180    10
306    111    178    18    156    186    10
307    91    101    10    298    328    10
308    25    307    10    249    279    10
309    135    400    20    299    329    10
310    58    458    10    323    353    10
311    133    26    10    312    342    10
312    211    386    20    141    171    10
313    94    97    20    218    248    10
314    30    155    9    1280    1310    10
315    208    184    20    78    108    10
316    394    333    20    194    224    10
317    355    180    30    137    167    10
318    241    180    13    1695    1725    10
319    21    485    30    338    368    10
320    80    251    14    304    334    10
321    476    61    36    449    479    10
322    406    94    10    228    258    10
323    364    71    5    1348    1378    10
324    418    221    10    291    321    10
325    274    441    12    695    725    10
326    304    97    20    182    212    10
327    297    102    10    155    185    10
328    250    405    20    162    192    10
329    111    463    20    322    352    10
330    408    279    20    220    250    10
331    263    418    25    278    308    10
332    480    119    7    628    658    10
333    420    383    27    982    1012    10
334    142    14    18    835    865    10
335    73    328    20    193    223    10
336    50    438    20    337    367    10
337    441    7    20    392    422    10
338    462    14    20    397    427    10
339    360    294    9    1418    1448    10
340    58    39    12    1163    1193    10
341    58    391    16    882    912    10
342    410    285    20    193    223    10
343    96    97    20    217    247    10
344    21    64    20    352    382    10
345    238    210    30    134    164    10
346    479    121    10    308    338    10
347    200    178    20    94    124    10
348    216    341    19    654    684    10
349    48    437    4    804    834    10
350    200    270    20    59    89    10
351    357    181    20    149    179    10
352    476    174    30    324    354    10
353    400    286    10    154    184    10
354    351    481    10    322    352    10
355    270    400    10    151    181    10
356    95    234    10    163    193    10
357    128    113    22    363    393    10
358    133    455    25    808    838    10
359    16    463    20    375    405    10
360    59    388    20    663    693    10
361    376    190    30    155    185    10
362    481    122    30    295    325    10
363    266    405    20    217    247    10
364    374    232    33    125    155    10
365    398    20    20    273    303    10
366    481    26    30    321    351    10
367    63    444    20    380    410    10
368    89    290    20    168    198    10
369    246    314    36    1445    1475    10
370    40    304    16    1145    1175    10
371    262    369    15    129    159    10
372    323    29    7    1137    1167    10
373    89    65    16    720    750    10
374    144    35    26    239    269    10
375    200    265    10    152    182    10
376    436    264    20    186    216    10
377    15    457    20    323    353    10
378    397    20    20    280    310    10
379    328    491    21    678    708    10
380    399    175    13    747    777    10
381    432    2    20    467    497    10
382    63    336    20    266    296    10
383    6    296    10    320    350    10
384    146    376    8    234    264    10
385    295    247    12    1303    1333    10
386    235    33    30    1337    1367    10
387    233    204    20    54    84    10
388    142    360    20    1532    1562    10
389    177    156    25    167    197    10
390    315    287    30    148    178    10
391    452    172    9    608    638    10
392    263    153    12    412    442    10
393    493    493    20    856    886    10
394    320    283    30    111    141    10
395    64    5    14    1129    1159    10
396    95    235    10    155    185    10
397    203    211    20    1306    1336    10
398    16    497    20    426    456    10
399    348    348    23    935    965    10
400    485    104    21    794    824    10
401    330    147    28    848    878    10
402    443    237    20    193    223    10
403    316    286    30    137    167    10
404    335    46    18    1342    1372    10
405    381    495    20    322    352    10
406    364    173    30    180    210    10
407    267    162    6    1449    1479    10
408    214    245    8    36    66    10
409    92    234    10    235    265    10
410    347    459    25    479    509    10
411    30    7    23    1189    1219    10
412    120    37    28    775    805    10
413    397    153    29    882    912    10
414    210    29    13    1051    1081    10
415    87    285    30    241    271    10
416    132    32    18    784    814    10
417    390    294    20    237    267    10
418    67    451    5    1216    1246    10
419    24    68    20    414    444    10
420    146    439    10    259    289    10
421    209    212    18    1528    1558    10
422    6    292    10    247    277    10
423    18    63    10    339    369    10
424    149    98    4    1165    1195    10
425    91    268    10    245    275    10
426    103    177    28    626    656    10
427    367    178    20    180    210    10
428    225    269    30    1271    1301    10
429    443    246    20    230    260    10
430    306    42    11    477    507    10
431    374    306    4    994    1024    10
432    413    421    10    303    333    10
433    470    405    17    926    956    10
434    33    278    18    1487    1517    10
435    149    458    13    1164    1194    10
436    257    57    18    1226    1256    10
437    272    403    30    190    220    10
438    221    291    9    50    80    10
439    1    101    8    1257    1287    10
440    332    459    35    369    399    10
441    220    392    20    258    288    10
442    253    50    27    226    256    10
443    250    441    5    756    786    10
444    471    484    10    340    370    10
445    480    152    26    1022    1052    10
446    404    83    30    298    328    10
447    476    94    20    274    304    10
448    458    213    22    1128    1158    10
449    215    395    20    242    272    10
450    85    288    20    182    212    10
451    179    75    13    740    770    10
452    228    287    21    43    73    10
453    397    18    10    292    322    10
454    238    204    20    105    135    10
455    488    3    3    401    431    10
456    407    88    10    324    354    10
457    459    14    20    315    345    10
458    120    17    30    279    309    10
459    235    316    2    656    686    10
460    370    382    11    884    914    10
461    405    454    11    1303    1333    10
462    17    458    10    433    463    10
463    43    135    31    236    266    10
464    318    497    21    854    884    10
465    199    268    20    71    101    10
466    111    467    20    287    317    10
467    138    438    20    287    317    10
468    172    314    9    545    575    10
469    494    468    31    352    382    10
470    35    303    20    221    251    10
471    341    59    27    790    820    10
472    423    221    9    258    288    10
473    395    295    20    211    241    10
474    413    417    10    356    386    10
475    339    60    20    211    241    10
476    277    428    7    490    520    10
477    176    199    28    89    119    10
478    265    240    9    18    48    10
479    365    190    22    1477    1507    10
480    133    53    20    279    309    10
481    387    488    20    362    392    10
482    385    295    20    142    172    10
483    491    369    28    730    760    10
484    445    273    20    258    288    10
485    195    273    22    59    89    10
486    313    493    20    1193    1223    10
487    495    227    20    344    374    10
488    241    403    10    220    250    10
489    30    72    10    432    462    10
490    21    487    10    350    380    10
491    324    99    10    338    368    10
492    453    318    30    374    404    10
493    443    272    10    270    300    10
494    447    184    27    424    454    10
495    366    288    29    684    714    10
496    440    284    25    852    882    10
497    13    314    14    245    275    10
498    72    227    25    564    594    10
499    377    385    6    866    896    10
500    477    478    20    392    422    10
501    204    185    20    163    193    10
502    226    191    20    93    123    10
503    330    138    18    1110    1140    10
504    185    434    9    574    604    10
505    483    22    10    334    364    10
506    71    282    29    642    672    10
507    60    5    18    1044    1074    10
508    189    402    10    536    566    10
509    134    211    35    122    152    10
510    146    313    22    1195    1225    10
511    21    146    21    487    517    10
512    37    281    17    493    523    10
513    416    417    20    343    373    10
514    44    311    27    407    437    10
515    361    181    20    197    227    10
516    444    242    10    216    246    10
517    444    271    10    246    276    10
518    359    179    20    162    192    10
519    388    334    20    161    191    10
520    401    164    13    621    651    10
521    499    316    18    622    652    10
522    399    106    20    302    332    10
523    425    215    10    229    259    10
524    407    98    10    218    248    10
525    406    460    2    719    749    10
526    88    95    20    270    300    10
527    95    64    4    766    796    10
528    306    229    10    1320    1350    10
529    273    55    20    196    226    10
530    384    149    18    1197    1227    10
531    122    35    10    250    280    10
532    308    199    14    1508    1538    10
533    390    301    10    165    195    10
534    300    108    10    150    180    10
535    267    400    10    232    262    10
536    8    300    10    356    386    10
537    105    181    19    1531    1561    10
538    398    325    30    233    263    10
539    166    247    1    84    114    10
540    140    431    30    211    241    10
541    253    118    19    547    577    10
542    359    246    18    1423    1453    10
543    321    277    10    75    105    10
544    168    59    6    366    396    10
545    406    285    20    179    209    10
546    391    334    20    181    211    10
547    437    19    15    1014    1044    10
548    201    278    13    56    86    10
549    435    267    20    323    353    10
550    245    408    10    204    234    10
551    16    462    10    386    416    10
552    107    374    8    914    944    10
553    477    97    10    283    313    10
554    346    57    20    308    338    10
555    14    459    20    336    366    10
556    102    6    3    1458    1488    10
557    359    287    24    115    145    10
558    297    131    25    1165    1195    10
559    282    1    18    1042    1072    10
560    21    70    15    771    801    10
561    440    244    10    266    296    10
562    482    104    19    807    837    10
563    120    261    5    793    823    10
564    125    29    30    283    313    10
565    292    32    14    229    259    10
566    262    92    25    630    660    10
567    68    160    21    1136    1166    10
568    405    276    20    234    264    10
569    277    50    10    201    231    10
570    32    319    21    401    431    10
571    344    70    24    1146    1176    10
572    481    84    17    506    536    10
573    21    68    20    401    431    10
574    441    244    10    277    307    10
575    57    43    15    1023    1053    10
576    1    293    10    268    298    10
577    481    96    20    297    327    10
578    471    368    19    428    458    10
579    236    126    23    124    154    10
580    406    99    20    227    257    10
581    303    186    10    1354    1384    10
582    225    369    38    121    151    10
583    412    453    10    297    327    10
584    104    349    20    1009    1039    10
585    173    182    25    102    132    10
586    111    464    10    311    341    10
587    53    440    10    323    353    10
588    69    336    20    218    248    10
589    359    182    20    209    239    10
590    13    459    20    347    377    10
591    244    277    18    1301    1331    10
592    484    177    20    252    282    10
593    452    206    31    492    522    10
594    22    483    30    325    355    10
595    452    110    14    340    370    10
596    347    192    18    1488    1518    10
597    95    92    20    253    283    10
598    368    311    14    926    956    10
599    479    387    13    397    427    10
600    479    169    20    309    339    10
601    497    266    25    748    778    10
602    66    336    10    253    283    10
603    376    195    10    181    211    10
604    401    281    20    261    291    10
605    441    177    23    1001    1031    10
606    231    203    20    67    97    10
607    21    488    10    361    391    10
608    231    204    20    150    180    10
609    122    422    3    1457    1487    10
610    65    453    30    282    312    10
611    206    261    10    182    212    10
612    466    149    16    1186    1216    10
613    313    119    30    216    246    10
614    90    274    20    179    209    10
615    39    162    18    565    595    10
616    35    306    20    229    259    10
617    437    15    30    355    385    10
618    307    412    8    404    434    10
619    79    291    10    209    239    10
620    64    437    11    918    948    10
621    376    92    10    991    1021    10
622    129    27    10    298    328    10
623    196    489    23    1030    1060    10
624    51    286    14    1459    1489    10
625    20    488    10    372    402    10
626    13    455    10    313    343    10
627    170    347    15    436    466    10
628    92    230    20    189    219    10
629    117    467    10    254    284    10
630    413    217    20    166    196    10
631    405    450    20    253    283    10
632    394    322    12    1025    1055    10
633    125    61    26    612    642    10
634    238    123    24    781    811    10
635    11    403    18    343    373    10
636    89    272    10    192    222    10
637    304    102    30    197    227    10
638    478    121    40    319    349    10
639    408    84    10    284    314    10
640    376    494    30    274    304    10
641    20    73    10    290    320    10
642    159    299    12    1016    1046    10
643    95    382    19    231    261    10
644    352    63    6    1178    1208    10
645    365    274    14    117    147    10
646    30    301    10    278    308    10
647    351    5    12    496    526    10
648    197    267    10    109    139    10
649    498    171    12    1256    1286    10
650    468    352    9    768    798    10
651    418    251    21    1197    1227    10
652    489    437    29    707    737    10
653    251    63    14    987    1017    10
654    132    55    10    267    297    10
655    281    96    1    1126    1156    10
656    333    293    27    617    647    10
657    255    487    19    398    428    10
658    207    400    20    191    221    10
659    469    489    4    555    585    10
660    244    254    20    100    130    10
661    233    207    10    46    76    10
662    441    60    21    1459    1489    10
663    411    379    25    1193    1223    10
664    178    72    23    757    787    10
665    51    447    10    294    324    10
666    478    118    20    354    384    10
667    141    426    23    531    561    10
668    295    89    23    742    772    10
669    112    433    29    235    265    10
670    320    211    16    993    1023    10
671    400    103    10    256    286    10
672    408    453    10    283    313    10
673    435    180    37    225    255    10
674    432    66    30    1071    1101    10
675    374    116    9    587    617    10
676    478    102    10    324    354    10
677    335    57    30    210    240    10
678    385    239    21    786    816    10
679    386    245    16    479    509    10
680    208    396    20    176    206    10
681    380    489    20    379    409    10
682    380    498    10    297    327    10
683    440    7    20    314    344    10
684    434    245    10    342    372    10
685    90    232    10    212    242    10
686    389    334    20    169    199    10
687    241    205    30    118    148    10
688    18    24    32    628    658    10
689    57    183    15    1100    1130    10
690    59    457    30    334    364    10
691    442    243    10    289    319    10
692    402    281    20    250    280    10
693    445    237    10    200    230    10
694    441    273    20    282    312    10
695    31    175    24    247    277    10
696    234    202    10    80    110    10
697    52    303    25    441    471    10
698    167    445    7    1412    1442    10
699    179    286    8    341    371    10
700    269    48    20    281    311    10
701    165    59    27    943    973    10
702    461    8    20    369    399    10
703    421    415    30    237    267    10
704    59    459    20    311    341    10
705    24    492    10    462    492    10
706    55    449    20    278    308    10
707    224    192    10    70    100    10
708    444    269    20    234    264    10
709    491    20    20    394    424    10
710    313    126    10    243    273    10
711    283    438    3    231    261    10
712    352    241    5    792    822    10
713    398    476    25    418    448    10
714    442    247    10    241    271    10
715    217    207    26    1382    1412    10
716    233    87    18    253    283    10
717    479    127    20    270    300    10
718    6    53    8    587    617    10
719    478    300    12    890    920    10
720    378    493    30    282    312    10
721    303    78    12    179    209    10
722    344    62    10    346    376    10
723    371    315    18    1166    1196    10
724    200    78    31    993    1023    10
725    413    391    8    217    247    10
726    415    216    10    176    206    10
727    397    57    17    1476    1506    10
728    293    228    19    48    78    10
729    0    297    10    293    323    10
730    435    20    20    381    411    10
731    195    111    15    998    1028    10
732    417    218    10    278    308    10
733    340    54    10    238    268    10
734    132    57    20    244    274    10
735    210    379    12    709    739    10
736    228    260    12    1606    1636    10
737    399    104    10    290    320    10
738    95    277    20    274    304    10
739    360    284    19    667    697    10
740    53    466    9    335    365    10
741    112    465    10    299    329    10
742    313    391    5    154    184    10
743    93    235    10    246    276    10
744    125    32    30    259    289    10
745    215    282    21    1440    1470    10
746    224    320    36    1284    1314    10
747    134    428    20    308    338    10
748    26    490    10    475    505    10
749    44    115    24    246    276    10
750    438    127    2    941    971    10
751    239    15    2    604    634    10
752    342    54    20    250    280    10
753    109    463    30    334    364    10
754    199    187    20    127    157    10
755    201    188    10    139    169    10
756    399    301    30    194    224    10
757    484    171    10    293    323    10
758    272    234    26    1590    1620    10
759    380    350    15    866    896    10
760    140    108    29    1071    1101    10
761    228    199    10    134    164    10
762    245    461    8    649    679    10
763    305    107    20    225    255    10
764    231    195    20    109    139    10
765    450    265    10    216    246    10
766    273    149    14    1503    1533    10
767    12    358    7    1224    1254    10
768    315    121    10    203    233    10
769    420    213    10    204    234    10
770    331    134    11    1124    1154    10
771    84    377    10    926    956    10
772    320    280    10    85    115    10
773    89    185    16    600    630    10
774    472    481    20    327    357    10
775    422    420    20    263    293    10
776    475    267    7    780    810    10
777    470    125    20    253    283    10
778    435    268    10    312    342    10
779    409    155    19    185    215    10
780    243    248    30    24    54    10
781    488    96    22    1066    1096    10
782    341    72    9    805    835    10
783    58    449    30    363    393    10
784    16    460    20    411    441    10
785    480    136    22    256    286    10
786    162    388    11    1126    1156    10
787    47    208    30    226    256    10
788    324    127    30    143    173    10
789    87    96    30    282    312    10
790    140    137    32    570    600    10
791    314    205    22    1527    1557    10
792    96    346    26    185    215    10
793    321    280    30    77    107    10
794    245    251    10    5    35    10
795    436    295    11    528    558    10
796    274    261    20    1707    1737    10
797    271    128    12    346    376    10
798    275    45    20    225    255    10
799    422    409    10    234    264    10
800    146    188    6    1235    1265    10
801    93    96    20    225    255    10
802    409    255    23    1522    1552    10
803    449    428    25    1247    1277    10
804    90    285    40    276    306    10
805    415    95    15    1177    1207    10
806    88    287    30    263    293    10
807    379    196    20    194    224    10
808    368    452    16    670    700    10
809    202    186    20    151    181    10
810    435    11    40    302    332    10
811    269    46    20    269    299    10
812    7    292    10    246    276    10
813    44    496    32    402    432    10
814    478    99    10    311    341    10
815    391    99    20    206    236    10
816    132    477    25    327    357    10
817    24    65    10    365    395    10
818    130    247    17    120    150    10
819    133    273    20    119    149    10
820    347    62    10    333    363    10
821    404    140    8    1259    1289    10
822    416    420    20    290    320    10
823    67    335    20    242    272    10
824    92    270    20    257    287    10
825    411    95    30    243    273    10
826    132    479    11    257    287    10
827    366    334    5    410    440    10
828    125    39    20    245    275    10
829    419    422    20    276    306    10
830    460    2    20    353    383    10
831    67    334    20    231    261    10
832    448    414    23    1223    1253    10
833    46    163    8    926    956    10
834    77    465    11    275    305    10
835    284    319    17    817    847    10
836    102    422    23    226    256    10
837    240    34    28    1560    1590    10
838    141    428    20    208    238    10
839    204    269    30    49    79    10
840    144    439    30    271    301    10
841    470    417    11    737    767    10
842    404    103    20    242    272    10
843    5    281    16    1372    1402    10
844    487    320    21    858    888    10
845    398    23    10    270    300    10
846    90    296    20    166    196    10
847    386    13    10    337    367    10
848    115    465    10    262    292    10
849    473    475    10    417    447    10
850    275    42    30    238    268    10
851    286    356    30    111    141    10
852    15    69    10    296    326    10
853    267    44    20    256    286    10
854    243    399    10    235    265    10
855    390    249    21    582    612    10
856    210    391    30    146    176    10
857    433    15    20    297    327    10
858    24    259    19    370    400    10
859    12    463    20    361    391    10
860    237    213    10    147    177    10
861    182    480    31    365    395    10
862    409    88    20    270    300    10
863    244    368    25    414    444    10
864    381    328    12    717    747    10
865    213    185    21    74    104    10
866    482    141    14    1011    1041    10
867    319    124    20    178    208    10
868    141    431    30    218    248    10
869    198    264    20    140    170    10
870    69    334    30    206    236    10
871    299    98    30    167    197    10
872    240    250    10    37    67    10
873    199    203    20    1457    1487    10
874    459    17    20    411    441    10
875    423    217    20    242    272    10
876    477    179    20    237    267    10
877    213    397    10    217    247    10
878    405    187    34    1251    1281    10
879    269    402    20    203    233    10
880    53    204    8    1055    1085    10
881    13    394    15    373    403    10
882    15    68    10    303    333    10
883    56    268    28    1064    1094    10
884    360    184    10    221    251    10
885    307    102    40    210    240    10
886    130    57    40    232    262    10
887    250    328    24    249    279    10
888    91    231    30    200    230    10
889    479    176    20    240    270    10
890    420    224    10    429    459    10
891    461    182    13    629    659    10
892    418    218    20    267    297    10
893    419    418    10    249    279    10
894    336    493    20    1493    1523    10
895    389    300    10    154    184    10
896    92    76    4    1139    1169    10
897    476    102    20    336    366    10
898    418    399    20    438    468    10
899    109    56    27    239    269    10
900    13    465    31    774    804    10
901    92    232    10    177    207    10
902    394    47    5    313    343    10
903    16    287    12    271    301    10
904    399    102    20    267    297    10
905    143    158    12    141    171    10
906    18    484    10    329    359    10
907    250    411    30    188    218    10
908    19    273    25    1017    1047    10
909    365    28    9    268    298    10
910    387    297    10    144    174    10
911    433    447    20    794    824    10
912    214    274    24    1369    1399    10
913    489    338    17    1397    1427    10
914    130    494    6    759    789    10
915    23    67    30    389    419    10
916    374    489    20    269    299    10
917    126    30    10    272    302    10
918    112    467    10    276    306    10
919    489    274    31    534    564    10
920    61    214    4    342    372    10
921    166    440    12    207    237    10
922    56    75    24    1438    1468    10
923    210    276    5    47    77    10
924    80    286    10    224    254    10
925    17    459    10    422    452    10
926    66    448    10    270    300    10
927    351    128    15    1253    1283    10
928    352    176    20    126    156    10
929    490    286    29    522    552    10
930    247    219    17    31    61    10
931    86    268    10    217    247    10
932    398    329    17    167    197    10
933    272    402    10    160    190    10
934    317    123    20    190    220    10
935    408    318    15    643    673    10
936    66    31    25    1048    1078    10
937    425    448    9    794    824    10
938    35    304    30    221    251    10
939    471    94    30    999    1029    10
940    470    473    10    431    461    10
941    224    56    13    1186    1216    10
942    343    47    20    277    307    10
943    52    18    28    857    887    10
944    16    68    20    314    344    10
945    195    185    20    112    142    10
946    92    236    20    258    288    10
947    76    462    18    956    986    10
948    124    56    20    231    261    10
949    481    454    14    320    350    10
950    477    483    20    366    396    10
951    481    124    10    283    313    10
952    389    156    27    716    746    10
953    384    16    20    351    381    10
954    492    34    5    811    841    10
955    371    200    10    224    254    10
956    153    235    10    98    128    10
957    428    202    24    904    934    10
958    257    391    22    1633    1663    10
959    421    218    10    254    284    10
960    206    186    10    188    218    10
961    393    301    30    178    208    10
962    204    187    30    175    205    10
963    468    475    10    313    343    10
964    477    122    10    330    360    10
965    100    66    15    1400    1430    10
966    489    27    10    421    451    10
967    12    451    20    311    341    10
968    197    270    30    96    126    10
969    311    422    29    988    1018    10
970    489    17    10    380    410    10
971    13    214    21    1354    1384    10
972    440    247    20    253    283    10
973    28    467    34    1343    1373    10
974    388    325    10    263    293    10
975    270    401    20    152    182    10
976    5    445    30    313    343    10
977    198    271    20    84    114    10
978    480    131    5    688    718    10
979    437    98    16    1114    1144    10
980    131    246    17    832    862    10
981    49    437    7    427    457    10
982    270    49    30    292    322    10
983    337    41    8    1002    1032    10
984    318    280    20    97    127    10
985    154    392    9    171    201    10
986    493    111    26    541    571    10
987    399    450    20    359    389    10
988    67    452    30    272    302    10
989    34    239    16    219    249    10
990    343    276    15    96    126    10
991    393    12    10    309    339    10
992    236    247    20    52    82    10
993    340    291    22    470    500    10
994    3    292    20    256    286    10
995    209    68    27    1568    1598    10
996    18    225    8    691    721    10
997    147    435    20    245    275    10
998    335    99    25    1218    1248    10
999    485    24    20    326    356    10
1000    470    475    30    314    344    10
1001    341    58    10    224    254    10
