CUST    NO.    XCOORD.    YCOORD.    DEMAND    READY    TIME    DUE    DATE    SERVICE    TIME
1    70    70    0    0    634    0
2    10    86    14    366    486    10
3    16    62    15    351    471    10
4    84    36    10    57    177    10
5    79    72    22    9    129    10
6    16    39    20    62    182    10
7    61    54    10    18    138    10
8    96    26    10    51    171    10
9    16    92    10    314    434    10
10    85    106    20    39    159    10
11    6    25    10    85    205    10
12    37    125    10    298    418    10
13    87    108    20    41    161    10
14    18    104    18    292    412    10
15    61    48    20    23    143    10
16    97    29    30    49    169    10
17    112    67    10    42    162    10
18    50    106    25    275    395    10
19    99    28    30    51    171    10
20    15    9    2    365    485    10
21    19    37    20    81    201    10
22    90    101    10    110    230    10
23    125    68    20    147    267    10
24    127    108    10    90    210    10
25    90    44    6    32    152    10
26    4    23    10    81    201    10
27    17    37    30    62    182    10
28    113    32    36    99    219    10
29    63    57    10    14    134    10
30    94    104    10    83    203    10
31    58    95    35    440    560    10
32    137    96    9    71    191    10
33    127    112    20    76    196    10
34    103    119    18    289    409    10
35    20    69    13    333    453    10
36    2    28    10    79    199    10
37    88    29    33    460    580    10
38    86    102    10    35    155    10
39    126    112    10    70    190    10
40    61    34    7    428    548    10
41    113    69    20    43    163    10
42    109    78    21    193    313    10
43    21    48    10    53    173    10
44    86    36    20    37    157    10
45    97    12    10    161    281    10
46    121    112    20    66    186    10
47    19    39    10    93    213    10
48    66    40    20    30    150    10
49    87    39    20    35    155    10
50    63    50    10    21    141    10
51    121    123    9    212    332    10
52    116    22    32    93    213    10
53    137    101    12    124    244    10
54    137    137    27    94    214    10
55    70    94    32    24    144    10
56    117    92    25    238    358    10
57    122    113    20    67    187    10
58    109    71    20    39    159    10
59    35    102    10    127    247    10
60    91    108    10    43    163    10
61    8    87    17    356    476    10
62    140    42    13    75    195    10
63    16    38    20    62    182    10
64    44    36    9    42    162    10
65    60    84    23    437    557    10
66    109    139    8    79    199    10
67    80    103    15    327    447    10
68    66    82    27    456    576    10
69    99    26    40    52    172    10
70    34    108    10    76    196    10
71    135    65    3    294    414    10
72    36    124    34    189    309    10
73    102    60    30    90    210    10
74    30    21    12    277    397    10
75    139    110    19    146    266    10
76    10    111    21    432    552    10
77    18    70    26    346    466    10
78    4    28    10    99    219    10
79    57    53    10    49    169    10
80    54    41    9    236    356    10
81    107    25    13    229    349    10
82    110    99    21    258    378    10
83    84    88    16    311    431    10
84    101    0    9    428    548    10
85    28    99    10    51    171    10
86    119    114    20    65    185    10
87    118    108    10    130    250    10
88    50    112    18    187    307    10
89    44    116    27    52    172    10
90    82    100    18    59    179    10
91    83    12    29    185    305    10
92    126    23    13    218    338    10
93    85    75    37    15    135    10
94    39    13    20    331    451    10
95    120    136    10    82    202    10
96    105    2    1    179    299    10
97    36    54    15    327    447    10
98    35    90    20    401    521    10
99    111    66    20    49    169    10
100    119    136    30    82    202    10
101    84    99    20    32    152    10
102    137    127    28    151    271    10
103    95    35    10    43    163    10
104    69    6    8    64    184    10
105    1    24    10    82    202    10
106    31    112    20    61    181    10
107    138    78    43    157    277    10
108    100    99    17    254    374    10
109    123    112    20    67    187    10
110    119    130    20    108    228    10
111    92    22    18    145    265    10
112    137    7    40    111    231    10
113    121    124    21    105    225    10
114    34    104    10    102    222    10
115    121    110    30    116    236    10
116    56    139    18    265    385    10
117    106    10    13    254    374    10
118    125    108    20    102    222    10
119    21    115    10    66    186    10
120    110    66    10    60    180    10
121    36    38    5    393    513    10
122    56    129    21    242    362    10
123    4    30    40    111    231    10
124    8    138    10    246    366    10
125    88    35    20    39    159    10
126    116    132    10    132    252    10
127    113    45    4    254    374    10
128    28    107    20    55    175    10
129    115    134    30    78    198    10
130    116    83    30    134    254    10
131    57    59    10    77    197    10
132    89    39    23    36    156    10
133    59    52    20    37    157    10
134    112    71    20    42    162    10
135    35    99    20    140    260    10
136    23    39    20    307    427    10
137    84    39    20    70    190    10
138    19    120    16    216    336    10
139    20    39    10    104    224    10
140    90    104    20    97    217    10
141    66    91    16    21    141    10
142    4    44    24    371    491    10
143    78    63    19    10    130    10
144    92    107    30    43    163    10
145    37    138    5    165    285    10
146    120    14    20    214    334    10
147    33    0    20    425    545    10
148    113    71    10    43    163    10
149    112    13    27    434    554    10
150    41    36    13    44    164    10
151    64    61    20    104    224    10
152    121    134    20    81    201    10
153    103    44    12    42    162    10
154    67    55    10    15    135    10
155    86    80    21    329    449    10
156    64    132    8    62    182    10
157    93    36    20    41    161    10
158    115    124    11    366    486    10
159    103    82    27    281    401    10
160    18    38    30    70    190    10
161    122    131    20    95    215    10
162    107    63    30    74    194    10
163    48    47    19    31    151    10
164    62    58    20    14    134    10
165    0    27    30    82    202    10
166    118    114    10    65    185    10
167    91    95    20    126    246    10
168    113    35    9    55    175    10
169    119    139    20    84    204    10
170    104    54    13    37    157    10
171    15    4    23    85    205    10
172    59    56    20    63    183    10
173    21    44    20    55    175    10
174    100    106    10    56    176    10
175    47    83    1    273    393    10
176    34    72    21    468    588    10
177    32    106    10    89    209    10
178    109    131    20    72    192    10
179    89    24    15    256    376    10
180    97    28    20    49    169    10
181    86    37    10    45    165    10
182    1    34    20    77    197    10
183    103    69    30    33    153    10
184    98    31    20    50    170    10
185    103    34    30    66    186    10
186    13    48    15    375    495    10
187    22    38    20    116    236    10
188    61    59    20    91    211    10
189    94    105    10    72    192    10
190    118    131    20    119    239    10
191    108    30    18    55    175    10
192    36    105    20    114    234    10
193    133    130    13    177    297    10
194    15    18    10    355    475    10
195    103    86    19    213    333    10
196    107    77    34    37    157    10
197    99    34    9    46    166    10
198    17    43    10    59    179    10
199    140    36    1    131    251    10
200    26    105    40    56    176    10
201    60    23    16    48    168    10
