CUST    NO.    XCOORD.    YCOORD.    DEMAND    READY    TIME    DUE    DATE    SERVICE    TIME
1    70    70    0    0    2535    0
2    10    86    14    1402    2002    10
3    16    62    15    1344    1944    10
4    84    36    10    167    767    10
5    79    72    22    9    609    10
6    16    39    20    84    684    10
7    61    54    10    18    618    10
8    96    26    10    51    651    10
9    16    92    10    1195    1795    10
10    85    106    20    39    639    10
11    6    25    10    281    881    10
12    37    125    10    1134    1734    10
13    87    108    20    41    641    10
14    18    104    18    1107    1707    10
15    61    48    20    30    630    10
16    97    29    30    49    649    10
17    112    67    10    90    690    10
18    50    106    25    1041    1641    10
19    99    28    30    89    689    10
20    15    9    2    1401    2001    10
21    19    37    20    265    865    10
22    90    101    10    381    981    10
23    125    68    20    528    1128    10
24    127    108    10    299    899    10
25    90    44    6    32    632    10
26    4    23    10    230    830    10
27    17    37    30    173    773    10
28    113    32    36    336    936    10
29    63    57    10    14    614    10
30    94    104    10    273    873    10
31    58    95    35    1700    2300    10
32    137    96    9    71    671    10
33    127    112    20    243    843    10
34    103    119    18    1096    1696    10
35    20    69    13    1272    1872    10
36    2    28    10    79    679    10
37    88    29    33    1881    2481    10
38    86    102    10    35    635    10
39    126    112    10    199    799    10
40    61    34    7    1650    2250    10
41    113    69    20    43    643    10
42    109    78    21    711    1311    10
43    21    48    10    53    653    10
44    86    36    20    74    674    10
45    97    12    10    585    1185    10
46    121    112    20    66    666    10
47    19    39    10    313    913    10
48    66    40    20    30    630    10
49    87    39    20    35    635    10
50    63    50    10    21    621    10
51    121    123    9    788    1388    10
52    116    22    32    311    911    10
53    137    101    12    437    1037    10
54    137    137    27    159    759    10
55    70    94    32    24    624    10
56    117    92    25    892    1492    10
57    122    113    20    101    701    10
58    109    71    20    39    639    10
59    35    102    10    449    1049    10
60    91    108    10    47    647    10
61    8    87    17    1365    1965    10
62    140    42    13    162    762    10
63    16    38    20    128    728    10
64    44    36    9    42    642    10
65    60    84    23    1686    2286    10
66    109    139    8    212    812    10
67    80    103    15    1248    1848    10
68    66    82    27    1764    2364    10
69    99    26    40    52    652    10
70    34    108    10    245    845    10
71    135    65    3    1115    1715    10
72    36    124    34    695    1295    10
73    102    60    30    300    900    10
74    30    21    12    1050    1650    10
75    139    110    19    526    1126    10
76    10    111    21    1731    2331    10
77    18    70    26    1324    1924    10
78    4    28    10    336    936    10
79    57    53    10    137    737    10
80    54    41    9    885    1485    10
81    107    25    13    855    1455    10
82    110    99    21    971    1571    10
83    84    88    16    1185    1785    10
84    101    0    9    1752    2352    10
85    28    99    10    51    651    10
86    119    114    20    65    665    10
87    118    108    10    459    1059    10
88    50    112    18    687    1287    10
89    44    116    27    52    652    10
90    82    100    18    177    777    10
91    83    12    29    681    1281    10
92    126    23    13    814    1414    10
93    85    75    37    15    615    10
94    39    13    20    1263    1863    10
95    120    136    10    218    818    10
96    105    2    1    655    1255    10
97    36    54    15    1248    1848    10
98    35    90    20    1543    2143    10
99    111    66    20    136    736    10
100    119    136    30    174    774    10
101    84    99    20    32    632    10
102    137    127    28    542    1142    10
103    95    35    10    43    643    10
104    69    6    8    92    692    10
105    1    24    10    177    777    10
106    31    112    20    185    785    10
107    138    78    43    569    1169    10
108    100    99    17    956    1556    10
109    123    112    20    147    747    10
110    119    130    20    372    972    10
111    92    22    18    520    1120    10
112    137    7    40    383    983    10
113    121    124    21    359    959    10
114    34    104    10    348    948    10
115    121    110    30    405    1005    10
116    56    139    18    999    1599    10
117    106    10    13    955    1555    10
118    125    108    20    347    947    10
119    21    115    10    103    703    10
120    110    66    10    180    780    10
121    36    38    5    1511    2111    10
122    56    129    21    906    1506    10
123    4    30    40    384    984    10
124    8    138    10    925    1525    10
125    88    35    20    39    639    10
126    116    132    10    467    1067    10
127    113    45    4    956    1556    10
128    28    107    20    55    655    10
129    115    134    30    78    678    10
130    116    83    30    478    1078    10
131    57    59    10    246    846    10
132    89    39    23    36    636    10
133    59    52    20    88    688    10
134    112    71    20    42    642    10
135    35    99    20    501    1101    10
136    23    39    20    1167    1767    10
137    84    39    20    219    819    10
138    19    120    16    805    1405    10
139    20    39    10    357    957    10
140    90    104    20    329    929    10
141    66    91    16    21    621    10
142    4    44    24    1422    2022    10
143    78    63    19    10    610    10
144    92    107    30    93    693    10
145    37    138    5    599    1199    10
146    120    14    20    794    1394    10
147    33    0    20    1690    2290    10
148    113    71    10    43    643    10
149    112    13    27    1855    2455    10
150    41    36    13    44    644    10
151    64    61    20    357    957    10
152    121    134    20    267    867    10
153    103    44    12    42    642    10
154    67    55    10    15    615    10
155    86    80    21    1258    1858    10
156    64    132    8    62    662    10
157    93    36    20    41    641    10
158    115    124    11    1404    2004    10
159    103    82    27    1065    1665    10
160    18    38    30    219    819    10
161    122    131    20    320    920    10
162    107    63    30    237    837    10
163    48    47    19    31    631    10
164    62    58    20    14    614    10
165    0    27    30    125    725    10
166    118    114    10    65    665    10
167    91    95    20    446    1046    10
168    113    35    9    55    655    10
169    119    139    20    122    722    10
170    104    54    13    37    637    10
171    15    4    23    163    763    10
172    59    56    20    192    792    10
173    21    44    20    55    655    10
174    100    106    10    165    765    10
175    47    83    1    1031    1631    10
176    34    72    21    1889    2489    10
177    32    106    10    296    896    10
178    109    131    20    72    672    10
179    89    24    15    964    1564    10
180    97    28    20    49    649    10
181    86    37    10    118    718    10
182    1    34    20    77    677    10
183    103    69    30    33    633    10
184    98    31    20    142    742    10
185    103    34    30    205    805    10
186    13    48    15    1442    2042    10
187    22    38    20    406    1006    10
188    61    59    20    302    902    10
189    94    105    10    229    829    10
190    118    131    20    418    1018    10
191    108    30    18    143    743    10
192    36    105    20    397    997    10
193    133    130    13    649    1249    10
194    15    18    10    1360    1960    10
195    103    86    19    791    1391    10
196    107    77    34    37    637    10
197    99    34    9    63    663    10
198    17    43    10    59    659    10
199    140    36    1    462    1062    10
200    26    105    40    56    656    10
201    60    23    16    48    648    10
