CUST    NO.    XCOORD.    YCOORD.    DEMAND    READY    TIME    DUE    DATE    SERVICE    TIME
1    70    70    0    0    2535    0
2    10    86    14    1592    1812    10
3    16    62    15    1576    1713    10
4    84    36    10    123    812    10
5    79    72    22    21    53    10
6    16    39    20    350    418    10
7    61    54    10    18    440    10
8    96    26    10    51    616    10
9    16    92    10    1366    1624    10
10    85    106    20    145    334    10
11    6    25    10    460    702    10
12    37    125    10    1164    1703    10
13    87    108    20    213    369    10
14    18    104    18    1377    1437    10
15    61    48    20    292    369    10
16    97    29    30    49    400    10
17    112    67    10    174    606    10
18    50    106    25    1163    1520    10
19    99    28    30    368    411    10
20    15    9    2    1482    1920    10
21    19    37    20    360    769    10
22    90    101    10    417    946    10
23    125    68    20    582    1073    10
24    127    108    10    375    823    10
25    90    44    6    141    398    10
26    4    23    10    476    584    10
27    17    37    30    354    593    10
28    113    32    36    502    771    10
29    63    57    10    14    451    10
30    94    104    10    438    708    10
31    58    95    35    1825    2175    10
32    137    96    9    142    433    10
33    127    112    20    488    599    10
34    103    119    18    1280    1513    10
35    20    69    13    1475    1669    10
36    2    28    10    156    596    10
37    88    29    33    2031    2481    10
38    86    102    10    35    420    10
39    126    112    10    428    571    10
40    61    34    7    1869    2032    10
41    113    69    20    177    505    10
42    109    78    21    879    1143    10
43    21    48    10    53    506    10
44    86    36    20    152    596    10
45    97    12    10    786    984    10
46    121    112    20    173    539    10
47    19    39    10    452    773    10
48    66    40    20    30    536    10
49    87    39    20    35    460    10
50    63    50    10    143    415    10
51    121    123    9    1017    1159    10
52    116    22    32    468    754    10
53    137    101    12    618    857    10
54    137    137    27    326    592    10
55    70    94    32    24    182    10
56    117    92    25    998    1385    10
57    122    113    20    293    510    10
58    109    71    20    39    397    10
59    35    102    10    637    861    10
60    91    108    10    273    421    10
61    8    87    17    1658    1671    10
62    140    42    13    351    574    10
63    16    38    20    156    699    10
64    44    36    9    134    367    10
65    60    84    23    1925    2048    10
66    109    139    8    492    531    10
67    80    103    15    1341    1755    10
68    66    82    27    2029    2099    10
69    99    26    40    217    466    10
70    34    108    10    538    553    10
71    135    65    3    1297    1532    10
72    36    124    34    859    1132    10
73    102    60    30    384    817    10
74    30    21    12    1212    1488    10
75    139    110    19    723    928    10
76    10    111    21    1907    2156    10
77    18    70    26    1485    1763    10
78    4    28    10    475    797    10
79    57    53    10    254    620    10
80    54    41    9    1006    1363    10
81    107    25    13    1079    1231    10
82    110    99    21    1162    1380    10
83    84    88    16    1404    1566    10
84    101    0    9    1884    2219    10
85    28    99    10    159    249    10
86    119    114    20    81    527    10
87    118    108    10    431    1088    10
88    50    112    18    842    1132    10
89    44    116    27    53    491    10
90    82    100    18    381    573    10
91    83    12    29    831    1130    10
92    126    23    13    1060    1168    10
93    85    75    37    15    249    10
94    39    13    20    1491    1636    10
95    120    136    10    247    789    10
96    105    2    1    848    1062    10
97    36    54    15    1469    1626    10
98    35    90    20    1588    2099    10
99    111    66    20    271    601    10
100    119    136    30    411    538    10
101    84    99    20    35    222    10
102    137    127    28    715    969    10
103    95    35    10    167    348    10
104    69    6    8    88    695    10
105    1    24    10    417    537    10
106    31    112    20    398    573    10
107    138    78    43    787    952    10
108    100    99    17    1199    1313    10
109    123    112    20    347    548    10
110    119    130    20    600    744    10
111    92    22    18    645    995    10
112    137    7    40    652    714    10
113    121    124    21    522    797    10
114    34    104    10    496    800    10
115    121    110    30    622    787    10
116    56    139    18    1144    1455    10
117    106    10    13    1107    1404    10
118    125    108    20    284    1011    10
119    21    115    10    182    625    10
120    110    66    10    467    493    10
121    36    38    5    1787    1834    10
122    56    129    21    1129    1283    10
123    4    30    40    596    771    10
124    8    138    10    1010    1440    10
125    88    35    20    77    573    10
126    116    132    10    746    787    10
127    113    45    4    1092    1419    10
128    28    107    20    113    528    10
129    115    134    30    122    591    10
130    116    83    30    687    869    10
131    57    59    10    295    797    10
132    89    39    23    38    252    10
133    59    52    20    348    429    10
134    112    71    20    97    402    10
135    35    99    20    673    929    10
136    23    39    20    1355    1579    10
137    84    39    20    256    783    10
138    19    120    16    1084    1125    10
139    20    39    10    557    757    10
140    90    104    20    382    877    10
141    66    91    16    21    391    10
142    4    44    24    1706    1739    10
143    78    63    19    10    242    10
144    92    107    30    155    630    10
145    37    138    5    695    1103    10
146    120    14    20    889    1299    10
147    33    0    20    1862    2117    10
148    113    71    10    286    300    10
149    112    13    27    2038    2282    10
150    41    36    13    149    383    10
151    64    61    20    373    940    10
152    121    134    20    311    823    10
153    103    44    12    138    199    10
154    67    55    10    15    403    10
155    86    80    21    1525    1591    10
156    64    132    8    62    565    10
157    93    36    20    41    528    10
158    115    124    11    1505    1903    10
159    103    82    27    1188    1542    10
160    18    38    30    474    565    10
161    122    131    20    584    655    10
162    107    63    30    490    583    10
163    48    47    19    31    536    10
164    62    58    20    134    195    10
165    0    27    30    241    609    10
166    118    114    10    74    446    10
167    91    95    20    485    1007    10
168    113    35    9    231    292    10
169    119    139    20    276    568    10
170    104    54    13    258    283    10
171    15    4    23    314    613    10
172    59    56    20    266    718    10
173    21    44    20    229    313    10
174    100    106    10    274    655    10
175    47    83    1    1327    1334    10
176    34    72    21    2218    2290    10
177    32    106    10    462    730    10
178    109    131    20    134    445    10
179    89    24    15    1236    1292    10
180    97    28    20    185    296    10
181    86    37    10    351    485    10
182    1    34    20    89    534    10
183    103    69    30    122    143    10
184    98    31    20    322    562    10
185    103    34    30    250    760    10
186    13    48    15    1531    1953    10
187    22    38    20    495    916    10
188    61    59    20    534    671    10
189    94    105    10    363    696    10
190    118    131    20    390    1045    10
191    108    30    18    385    501    10
192    36    105    20    599    795    10
193    133    130    13    905    994    10
194    15    18    10    1546    1775    10
195    103    86    19    882    1300    10
196    107    77    34    37    529    10
197    99    34    9    221    505    10
198    17    43    10    226    428    10
199    140    36    1    521    1004    10
200    26    105    40    121    418    10
201    60    23    16    58    492    10
