CUST    NO.    XCOORD.    YCOORD.    DEMAND    READY    TIME    DUE    DATE    SERVICE    TIME
1    70    70    0    0    2535    0
2    10    86    14    1582    1822    10
3    16    62    15    1524    1764    10
4    84    36    10    347    587    10
5    79    72    22    9    249    10
6    16    39    20    264    504    10
7    61    54    10    101    341    10
8    96    26    10    169    409    10
9    16    92    10    1375    1615    10
10    85    106    20    120    360    10
11    6    25    10    461    701    10
12    37    125    10    1314    1554    10
13    87    108    20    171    411    10
14    18    104    18    1287    1527    10
15    61    48    20    210    450    10
16    97    29    30    76    316    10
17    112    67    10    270    510    10
18    50    106    25    1221    1461    10
19    99    28    30    269    509    10
20    15    9    2    1581    1821    10
21    19    37    20    445    685    10
22    90    101    10    561    801    10
23    125    68    20    708    948    10
24    127    108    10    479    719    10
25    90    44    6    149    389    10
26    4    23    10    410    650    10
27    17    37    30    353    593    10
28    113    32    36    516    756    10
29    63    57    10    14    254    10
30    94    104    10    453    693    10
31    58    95    35    1880    2120    10
32    137    96    9    167    407    10
33    127    112    20    423    663    10
34    103    119    18    1276    1516    10
35    20    69    13    1452    1692    10
36    2    28    10    256    496    10
37    88    29    33    2195    2435    10
38    86    102    10    63    303    10
39    126    112    10    379    619    10
40    61    34    7    1830    2070    10
41    113    69    20    221    461    10
42    109    78    21    891    1131    10
43    21    48    10    95    335    10
44    86    36    20    254    494    10
45    97    12    10    765    1005    10
46    121    112    20    236    476    10
47    19    39    10    493    733    10
48    66    40    20    30    270    10
49    87    39    20    35    275    10
50    63    50    10    159    399    10
51    121    123    9    968    1208    10
52    116    22    32    491    731    10
53    137    101    12    617    857    10
54    137    137    27    339    579    10
55    70    94    32    24    264    10
56    117    92    25    1072    1312    10
57    122    113    20    281    521    10
58    109    71    20    77    317    10
59    35    102    10    629    869    10
60    91    108    10    227    467    10
61    8    87    17    1545    1785    10
62    140    42    13    342    582    10
63    16    38    20    308    548    10
64    44    36    9    131    371    10
65    60    84    23    1866    2106    10
66    109    139    8    392    632    10
67    80    103    15    1428    1668    10
68    66    82    27    1944    2184    10
69    99    26    40    221    461    10
70    34    108    10    425    665    10
71    135    65    3    1295    1535    10
72    36    124    34    875    1115    10
73    102    60    30    480    720    10
74    30    21    12    1230    1470    10
75    139    110    19    706    946    10
76    10    111    21    1911    2151    10
77    18    70    26    1504    1744    10
78    4    28    10    516    756    10
79    57    53    10    317    557    10
80    54    41    9    1065    1305    10
81    107    25    13    1035    1275    10
82    110    99    21    1151    1391    10
83    84    88    16    1365    1605    10
84    101    0    9    1932    2172    10
85    28    99    10    84    324    10
86    119    114    20    184    424    10
87    118    108    10    639    879    10
88    50    112    18    867    1107    10
89    44    116    27    152    392    10
90    82    100    18    357    597    10
91    83    12    29    861    1101    10
92    126    23    13    994    1234    10
93    85    75    37    15    255    10
94    39    13    20    1443    1683    10
95    120    136    10    398    638    10
96    105    2    1    835    1075    10
97    36    54    15    1428    1668    10
98    35    90    20    1723    1963    10
99    111    66    20    316    556    10
100    119    136    30    354    594    10
101    84    99    20    32    272    10
102    137    127    28    722    962    10
103    95    35    10    137    377    10
104    69    6    8    272    512    10
105    1    24    10    357    597    10
106    31    112    20    365    605    10
107    138    78    43    749    989    10
108    100    99    17    1136    1376    10
109    123    112    20    327    567    10
110    119    130    20    552    792    10
111    92    22    18    700    940    10
112    137    7    40    563    803    10
113    121    124    21    539    779    10
114    34    104    10    528    768    10
115    121    110    30    585    825    10
116    56    139    18    1179    1419    10
117    106    10    13    1135    1375    10
118    125    108    20    527    767    10
119    21    115    10    283    523    10
120    110    66    10    360    600    10
121    36    38    5    1691    1931    10
122    56    129    21    1086    1326    10
123    4    30    40    564    804    10
124    8    138    10    1105    1345    10
125    88    35    20    205    445    10
126    116    132    10    647    887    10
127    113    45    4    1136    1376    10
128    28    107    20    201    441    10
129    115    134    30    236    476    10
130    116    83    30    658    898    10
131    57    59    10    426    666    10
132    89    39    23    36    276    10
133    59    52    20    268    508    10
134    112    71    20    129    369    10
135    35    99    20    681    921    10
136    23    39    20    1347    1587    10
137    84    39    20    399    639    10
138    19    120    16    985    1225    10
139    20    39    10    537    777    10
140    90    104    20    509    749    10
141    66    91    16    21    261    10
142    4    44    24    1602    1842    10
143    78    63    19    10    250    10
144    92    107    30    273    513    10
145    37    138    5    779    1019    10
146    120    14    20    974    1214    10
147    33    0    20    1870    2110    10
148    113    71    10    173    413    10
149    112    13    27    2040    2280    10
150    41    36    13    146    386    10
151    64    61    20    537    777    10
152    121    134    20    447    687    10
153    103    44    12    48    288    10
154    67    55    10    15    255    10
155    86    80    21    1438    1678    10
156    64    132    8    170    410    10
157    93    36    20    88    328    10
158    115    124    11    1584    1824    10
159    103    82    27    1245    1485    10
160    18    38    30    399    639    10
161    122    131    20    500    740    10
162    107    63    30    417    657    10
163    48    47    19    31    271    10
164    62    58    20    45    285    10
165    0    27    30    305    545    10
166    118    114    10    140    380    10
167    91    95    20    626    866    10
168    113    35    9    142    382    10
169    119    139    20    302    542    10
170    104    54    13    150    390    10
171    15    4    23    343    583    10
172    59    56    20    372    612    10
173    21    44    20    151    391    10
174    100    106    10    345    585    10
175    47    83    1    1211    1451    10
176    34    72    21    2134    2374    10
177    32    106    10    476    716    10
178    109    131    20    170    410    10
179    89    24    15    1144    1384    10
180    97    28    20    120    360    10
181    86    37    10    298    538    10
182    1    34    20    191    431    10
183    103    69    30    33    273    10
184    98    31    20    322    562    10
185    103    34    30    385    625    10
186    13    48    15    1622    1862    10
187    22    38    20    586    826    10
188    61    59    20    482    722    10
189    94    105    10    409    649    10
190    118    131    20    598    838    10
191    108    30    18    323    563    10
192    36    105    20    577    817    10
193    133    130    13    829    1069    10
194    15    18    10    1540    1780    10
195    103    86    19    971    1211    10
196    107    77    34    37    277    10
197    99    34    9    243    483    10
198    17    43    10    207    447    10
199    140    36    1    642    882    10
200    26    105    40    149    389    10
201    60    23    16    155    395    10
