CUST    NO.    XCOORD.    YCOORD.    DEMAND    READY    TIME    DUE    DATE    SERVICE    TIME
1    70    70    0    0    1351    0
2    33    78    20    563    997    90
3    59    52    20    332    822    90
4    10    137    30    89    743    90
5    4    28    10    374    904    90
6    25    26    20    62    444    90
7    86    37    10    313    696    90
8    1    109    10    392    904    90
9    6    135    40    119    618    90
10    32    79    20    461    915    90
11    24    26    20    63    506    90
12    86    36    20    175    652    90
13    95    35    10    43    429    90
14    63    50    10    115    664    90
15    100    106    10    443    749    90
16    99    112    20    619    1137    90
17    36    135    10    389    877    90
18    57    59    10    633    1081    90
19    8    124    10    82    651    90
20    85    106    20    39    467    90
21    103    69    30    33    502    90
22    109    131    20    72    596    90
23    43    140    10    222    658    90
24    115    134    30    78    585    90
25    98    70    10    148    830    90
26    112    67    10    178    818    90
27    102    104    20    46    512    90
28    93    75    30    23    481    90
29    90    104    20    657    1098    90
30    127    108    10    451    969    90
31    84    99    20    32    579    90
32    113    69    20    149    662    90
33    129    9    10    84    572    90
34    18    38    30    367    853    90
35    30    27    10    595    1012    90
36    25    80    20    180    640    90
37    17    37    30    199    838    90
38    32    106    10    380    878    90
39    43    135    10    70    690    90
40    61    59    20    699    1203    90
41    104    106    20    187    637    90
42    109    71    20    39    606    90
43    121    110    30    726    1067    90
44    61    48    20    237    729    90
45    74    99    20    29    503    90
46    89    73    10    19    474    90
47    21    25    20    175    683    90
48    99    28    30    132    703    90
49    101    96    10    40    488    90
50    9    114    20    624    1186    90
51    121    112    20    66    591    90
52    137    6    10    446    843    90
53    118    131    20    586    1052    90
54    34    82    10    714    1214    90
55    4    125    30    117    599    90
56    26    105    40    56    587    90
57    35    123    20    611    1198    90
58    21    48    10    53    630    90
59    21    115    10    75    607    90
60    99    108    20    752    1192    90
61    1    34    20    77    384    90
62    94    70    20    351    815    90
63    74    93    20    23    512    90
64    32    128    20    654    1192    90
65    94    73    10    561    971    90
66    135    3    20    93    726    90
67    97    28    20    49    564    90
68    59    56    20    478    1047    90
69    80    97    10    352    622    90
70    134    31    20    337    737    90
71    103    34    30    473    739    90
72    30    79    20    349    844    90
73    4    30    40    501    961    90
74    87    39    20    35    439    90
75    90    101    10    752    1188    90
76    119    136    30    158    560    90
77    78    92    30    393    771    90
78    110    66    10    430    929    90
79    62    58    20    14    467    90
80    127    112    20    408    823    90
81    113    71    10    123    503    90
82    34    104    10    385    1058    90
83    2    28    10    79    644    90
84    17    43    10    59    595    90
85    1    24    10    94    624    90
86    112    71    20    42    685    90
87    135    0    10    95    649    90
88    125    108    20    626    978    90
89    8    138    30    92    600    90
90    103    111    20    416    970    90
91    57    53    10    470    869    90
92    98    31    20    306    715    90
93    116    132    10    713    1110    90
94    28    99    10    51    492    90
95    137    3    20    286    818    90
96    29    28    10    738    1052    90
97    94    105    10    468    916    90
98    92    107    30    283    714    90
99    10    134    10    432    874    90
100    34    79    10    542    1201    90
101    94    72    20    381    969    90
102    35    76    10    35    437    90
103    76    99    20    56    547    90
104    127    28    30    70    664    90
105    8    119    20    79    607    90
106    102    110    10    507    1062    90
107    24    24    10    337    892    90
108    64    61    20    771    1251    90
109    22    38    20    714    1204    90
110    88    72    30    739    1166    90
111    107    63    30    491    1058    90
112    33    131    30    843    1172    90
113    123    112    20    168    695    90
114    67    55    10    15    510    90
115    39    128    10    65    485    90
116    136    0    30    191    727    90
117    93    36    20    41    484    90
118    7    115    10    540    1132    90
119    21    44    20    55    374    90
120    28    74    20    42    533    90
121    86    102    10    35    618    90
122    19    37    20    410    993    90
123    84    36    10    370    823    90
124    118    108    10    767    1200    90
125    132    24    10    77    674    90
126    6    25    10    286    805    90
127    28    78    10    271    738    90
128    2    132    10    320    789    90
129    22    22    10    329    714    90
130    88    35    20    39    665    90
131    94    104    10    500    1066    90
132    74    96    30    26    572    90
133    0    117    30    367    733    90
134    99    96    10    38    455    90
135    119    114    20    65    545    90
136    28    107    20    94    387    90
137    133    12    10    531    1141    90
138    35    102    10    706    1109    90
139    36    105    20    521    1107    90
140    84    39    20    464    915    90
141    34    138    20    437    1016    90
142    136    29    10    272    616    90
143    33    133    20    705    1126    90
144    16    39    20    116    556    90
145    32    77    20    38    487    90
146    122    131    20    383    886    90
147    77    100    20    261    525    90
148    96    26    10    51    490    90
149    127    29    20    70    502    90
150    91    95    20    761    1229    90
151    42    136    10    92    599    90
152    36    132    10    335    746    90
153    103    106    30    124    518    90
154    107    105    10    262    749    90
155    96    74    10    197    592    90
156    63    57    10    14    408    90
157    122    113    20    129    551    90
158    14    131    10    499    998    90
159    30    31    20    661    1206    90
160    40    132    20    68    573    90
161    99    26    40    111    540    90
162    10    118    10    76    621    90
163    102    60    30    600    1140    90
164    120    136    10    281    619    90
165    97    29    30    49    427    90
166    19    39    10    654    932    90
167    27    77    10    43    616    90
168    30    24    20    479    942    90
169    126    112    10    316    733    90
170    105    110    20    418    783    90
171    118    114    10    65    533    90
172    135    6    30    91    492    90
173    111    66    20    348    829    90
174    95    77    10    25    594    90
175    139    10    30    574    904    90
176    61    54    10    125    466    90
177    16    38    20    236    618    90
178    16    138    10    86    514    90
179    91    78    10    22    480    90
180    91    71    20    537    1181    90
181    0    27    30    82    600    90
182    6    113    20    569    920    90
183    119    139    20    84    730    90
184    35    99    20    704    1216    90
185    31    112    20    142    740    90
186    5    119    20    220    688    90
187    3    135    20    209    715    90
188    30    136    10    498    1144    90
189    20    39    10    627    1141    90
190    131    11    10    684    1171    90
191    28    33    20    55    626    90
192    4    23    10    215    690    90
193    87    108    20    95    530    90
194    21    26    20    65    615    90
195    121    134    20    338    746    90
196    119    130    20    451    1006    90
197    91    108    10    117    696    90
198    130    27    30    73    663    90
199    101    107    10    710    1213    90
200    34    108    10    304    769    90
201    131    31    20    413    847    90
