CUST    NO.    XCOORD.    YCOORD.    DEMAND    READY    TIME    DUE    DATE    SERVICE    TIME
1    70    70    0    0    1351    0
2    33    78    20    750    809    90
3    59    52    20    553    602    90
4    10    137    30    147    219    90
5    4    28    10    616    661    90
6    25    26    20    128    179    90
7    86    37    10    478    531    90
8    1    109    10    616    680    90
9    6    135    40    351    386    90
10    32    79    20    655    721    90
11    24    26    20    0    1198    90
12    86    36    20    384    443    90
13    95    35    10    196    252    90
14    63    50    10    364    416    90
15    100    106    10    567    626    90
16    99    112    20    846    911    90
17    36    135    10    598    669    90
18    57    59    10    0    1244    90
19    8    124    10    231    298    90
20    85    106    20    0    1222    90
21    103    69    30    33    93    90
22    109    131    20    72    141    90
23    43    140    10    410    470    90
24    115    134    30    140    199    90
25    98    70    10    467    511    90
26    112    67    10    462    534    90
27    102    104    20    201    258    90
28    93    75    30    178    238    90
29    90    104    20    0    1222    90
30    127    108    10    677    743    90
31    84    99    20    32    102    90
32    113    69    20    370    440    90
33    129    9    10    84    147    90
34    18    38    30    582    638    90
35    30    27    10    0    1203    90
36    25    80    20    380    440    90
37    17    37    30    0    1199    90
38    32    106    10    602    657    90
39    43    135    10    215    293    90
40    61    59    20    931    971    90
41    104    106    20    390    434    90
42    109    71    20    0    1222    90
43    121    110    30    870    923    90
44    61    48    20    448    517    90
45    74    99    20    176    243    90
46    89    73    10    19    94    90
47    21    25    20    405    453    90
48    99    28    30    392    442    90
49    101    96    10    101    160    90
50    9    114    20    904    954    90
51    121    112    20    221    277    90
52    137    6    10    611    678    90
53    118    131    20    782    857    90
54    34    82    10    0    1224    90
55    4    125    30    319    398    90
56    26    105    40    0    1205    90
57    35    123    20    1130    1198    90
58    21    48    10    53    123    90
59    21    115    10    306    376    90
60    99    108    20    0    1214    90
61    1    34    20    0    1184    90
62    94    70    20    556    610    90
63    74    93    20    23    66    90
64    32    128    20    0    1192    90
65    94    73    10    741    791    90
66    135    3    20    0    1168    90
67    97    28    20    110    170    90
68    59    56    20    0    1244    90
69    80    97    10    0    1233    90
70    134    31    20    508    566    90
71    103    34    30    577    636    90
72    30    79    20    561    632    90
73    4    30    40    0    1184    90
74    87    39    20    0    1226    90
75    90    101    10    933    1008    90
76    119    136    30    0    1179    90
77    78    92    30    0    1238    90
78    110    66    10    650    710    90
79    62    58    20    173    229    90
80    127    112    20    595    636    90
81    113    71    10    286    341    90
82    34    104    10    683    760    90
83    2    28    10    0    1182    90
84    17    43    10    205    279    90
85    1    24    10    0    1179    90
86    112    71    20    0    1219    90
87    135    0    10    0    1166    90
88    125    108    20    778    825    90
89    8    138    30    234    316    90
90    103    111    20    0    1209    90
91    57    53    10    641    697    90
92    98    31    20    0    1213    90
93    116    132    10    870    953    90
94    28    99    10    51    93    90
95    137    3    20    0    1167    90
96    29    28    10    865    925    90
97    94    105    10    656    728    90
98    92    107    30    465    532    90
99    10    134    10    629    677    90
100    34    79    10    841    902    90
101    94    72    20    647    703    90
102    35    76    10    35    91    90
103    76    99    20    0    1232    90
104    127    28    30    128    195    90
105    8    119    20    0    1182    90
106    102    110    10    754    814    90
107    24    24    10    0    1196    90
108    64    61    20    1011    1077    90
109    22    38    20    950    1003    90
110    88    72    30    0    1243    90
111    107    63    30    748    800    90
112    33    131    30    979    1037    90
113    123    112    20    405    459    90
114    67    55    10    15    62    90
115    39    128    10    0    1196    90
116    136    0    30    426    491    90
117    93    36    20    0    1220    90
118    7    115    10    801    872    90
119    21    44    20    115    180    90
120    28    74    20    188    260    90
121    86    102    10    93    159    90
122    19    37    20    665    738    90
123    84    36    10    568    626    90
124    118    108    10    972    1008    90
125    132    24    10    0    1184    90
126    6    25    10    516    574    90
127    28    78    10    479    529    90
128    2    132    10    526    584    90
129    22    22    10    494    550    90
130    88    35    20    285    358    90
131    94    104    10    754    813    90
132    74    96    30    80    153    90
133    0    117    30    515    585    90
134    99    96    10    0    1223    90
135    119    114    20    128    185    90
136    28    107    20    0    1206    90
137    133    12    10    797    874    90
138    35    102    10    0    1214    90
139    36    105    20    776    852    90
140    84    39    20    659    720    90
141    34    138    20    704    749    90
142    136    29    10    406    482    90
143    33    133    20    890    941    90
144    16    39    20    314    358    90
145    32    77    20    0    1223    90
146    122    131    20    608    661    90
147    77    100    20    356    429    90
148    96    26    10    0    1210    90
149    127    29    20    70    141    90
150    91    95    20    1036    1097    90
151    42    136    10    310    381    90
152    36    132    10    509    571    90
153    103    106    30    296    347    90
154    107    105    10    472    539    90
155    96    74    10    351    437    90
156    63    57    10    0    1247    90
157    122    113    20    307    374    90
158    14    131    10    712    784    90
159    30    31    20    960    1016    90
160    40    132    20    137    182    90
161    99    26    40    287    363    90
162    10    118    10    76    144    90
163    102    60    30    840    900    90
164    120    136    10    0    1179    90
165    97    29    30    49    119    90
166    19    39    10    764    823    90
167    27    77    10    0    1218    90
168    30    24    20    673    748    90
169    126    112    10    507    543    90
170    105    110    20    567    634    90
171    118    114    10    65    126    90
172    135    6    30    0    1170    90
173    111    66    20    0    1220    90
174    95    77    10    278    325    90
175    139    10    30    723    756    90
176    61    54    10    0    1243    90
177    16    38    20    387    466    90
178    16    138    10    86    142    90
179    91    78    10    88    141    90
180    91    71    20    0    1240    90
181    0    27    30    241    292    90
182    6    113    20    0    1184    90
183    119    139    20    234    298    90
184    35    99    20    976    1025    90
185    31    112    20    401    481    90
186    5    119    20    0    1180    90
187    3    135    20    433    491    90
188    30    136    10    792    850    90
189    20    39    10    855    913    90
190    131    11    10    895    960    90
191    28    33    20    55    128    90
192    4    23    10    0    1180    90
193    87    108    20    275    350    90
194    21    26    20    311    365    90
195    121    134    20    517    567    90
196    119    130    20    692    765    90
197    91    108    10    0    1218    90
198    130    27    30    229    280    90
199    101    107    10    1038    1090    90
200    34    108    10    506    566    90
201    131    31    20    0    1189    90
