CUST    NO.    XCOORD.    YCOORD.    DEMAND    READY    TIME    DUE    DATE    SERVICE    TIME
1    70    70    0    0    1351    0
2    33    78    20    672    887    90
3    59    52    20    476    678    90
4    10    137    30    110    256    90
5    4    28    10    442    836    90
6    25    26    20    81    226    90
7    86    37    10    475    535    90
8    1    109    10    582    714    90
9    6    135    40    296    442    90
10    32    79    20    660    716    90
11    24    26    20    127    363    90
12    86    36    20    299    528    90
13    95    35    10    115    333    90
14    63    50    10    304    475    90
15    100    106    10    594    599    90
16    99    112    20    854    902    90
17    36    135    10    485    782    90
18    57    59    10    790    924    90
19    8    124    10    200    328    90
20    85    106    20    165    274    90
21    103    69    30    33    291    90
22    109    131    20    72    107    90
23    43    140    10    333    547    90
24    115    134    30    148    190    90
25    98    70    10    408    570    90
26    112    67    10    444    552    90
27    102    104    20    56    402    90
28    93    75    30    38    378    90
29    90    104    20    810    945    90
30    127    108    10    625    794    90
31    84    99    20    32    126    90
32    113    69    20    297    514    90
33    129    9    10    84    223    90
34    18    38    30    530    689    90
35    30    27    10    692    916    90
36    25    80    20    338    483    90
37    17    37    30    475    562    90
38    32    106    10    519    740    90
39    43    135    10    176    332    90
40    61    59    20    876    1026    90
41    104    106    20    326    499    90
42    109    71    20    83    175    90
43    121    110    30    838    955    90
44    61    48    20    298    667    90
45    74    99    20    47    371    90
46    89    73    10    19    121    90
47    21    25    20    368    490    90
48    99    28    30    327    508    90
49    101    96    10    56    206    90
50    9    114    20    889    969    90
51    121    112    20    209    288    90
52    137    6    10    631    659    90
53    118    131    20    720    918    90
54    34    82    10    880    1049    90
55    4    125    30    348    369    90
56    26    105    40    118    177    90
57    35    123    20    1056    1198    90
58    21    48    10    53    274    90
59    21    115    10    211    471    90
60    99    108    20    904    1041    90
61    1    34    20    77    319    90
62    94    70    20    531    634    90
63    74    93    20    23    203    90
64    32    128    20    1020    1181    90
65    94    73    10    701    830    90
66    135    3    20    260    290    90
67    97    28    20    89    192    90
68    59    56    20    713    812    90
69    80    97    10    438    536    90
70    134    31    20    519    556    90
71    103    34    30    556    657    90
72    30    79    20    516    676    90
73    4    30    40    619    842    90
74    87    39    20    35    331    90
75    90    101    10    941    1000    90
76    119    136    30    317    400    90
77    78    92    30    446    719    90
78    110    66    10    561    798    90
79    62    58    20    106    297    90
80    127    112    20    510    722    90
81    113    71    10    169    458    90
82    34    104    10    706    737    90
83    2    28    10    79    299    90
84    17    43    10    232    251    90
85    1    24    10    303    416    90
86    112    71    20    102    343    90
87    135    0    10    339    397    90
88    125    108    20    741    862    90
89    8    138    30    191    360    90
90    103    111    20    600    786    90
91    57    53    10    597    742    90
92    98    31    20    486    534    90
93    116    132    10    829    994    90
94    28    99    10    51    226    90
95    137    3    20    382    722    90
96    29    28    10    864    925    90
97    94    105    10    673    712    90
98    92    107    30    433    563    90
99    10    134    10    522    785    90
100    34    79    10    811    931    90
101    94    72    20    671    678    90
102    35    76    10    35    275    90
103    76    99    20    135    468    90
104    127    28    30    86    236    90
105    8    119    20    100    238    90
106    102    110    10    712    857    90
107    24    24    10    497    732    90
108    64    61    20    1036    1052    90
109    22    38    20    911    1042    90
110    88    72    30    927    977    90
111    107    63    30    734    814    90
112    33    131    30    987    1028    90
113    123    112    20    293    571    90
114    67    55    10    15    203    90
115    39    128    10    65    367    90
116    136    0    30    429    488    90
117    93    36    20    41    288    90
118    7    115    10    763    910    90
119    21    44    20    104    192    90
120    28    74    20    57    391    90
121    86    102    10    35    252    90
122    19    37    20    613    790    90
123    84    36    10    502    692    90
124    118    108    10    949    1031    90
125    132    24    10    323    372    90
126    6    25    10    448    642    90
127    28    78    10    457    552    90
128    2    132    10    472    637    90
129    22    22    10    450    593    90
130    88    35    20    213    429    90
131    94    104    10    729    838    90
132    74    96    30    26    284    90
133    0    117    30    398    702    90
134    99    96    10    38    309    90
135    119    114    20    126    187    90
136    28    107    20    170    311    90
137    133    12    10    710    961    90
138    35    102    10    848    966    90
139    36    105    20    753    876    90
140    84    39    20    622    757    90
141    34    138    20    661    793    90
142    136    29    10    347    542    90
143    33    133    20    798    1034    90
144    16    39    20    286    386    90
145    32    77    20    90    167    90
146    122    131    20    529    741    90
147    77    100    20    302    484    90
148    96    26    10    152    312    90
149    127    29    20    70    236    90
150    91    95    20    1021    1112    90
151    42    136    10    222    470    90
152    36    132    10    500    581    90
153    103    106    30    258    385    90
154    107    105    10    404    607    90
155    96    74    10    381    408    90
156    63    57    10    14    413    90
157    122    113    20    168    512    90
158    14    131    10    620    876    90
159    30    31    20    962    1014    90
160    40    132    20    68    285    90
161    99    26    40    285    366    90
162    10    118    10    76    181    90
163    102    60    30    787    953    90
164    120    136    10    329    571    90
165    97    29    30    49    346    90
166    19    39    10    683    903    90
167    27    77    10    226    407    90
168    30    24    20    601    820    90
169    126    112    10    403    647    90
170    105    110    20    557    645    90
171    118    114    10    65    87    90
172    135    6    30    91    333    90
173    111    66    20    572    606    90
174    95    77    10    220    382    90
175    139    10    30    713    766    90
176    61    54    10    228    363    90
177    16    38    20    307    547    90
178    16    138    10    86    142    90
179    91    78    10    66    163    90
180    91    71    20    769    949    90
181    0    27    30    199    333    90
182    6    113    20    688    800    90
183    119    139    20    198    334    90
184    35    99    20    951    1049    90
185    31    112    20    317    565    90
186    5    119    20    350    558    90
187    3    135    20    443    481    90
188    30    136    10    709    934    90
189    20    39    10    810    958    90
190    131    11    10    805    1050    90
191    28    33    20    55    135    90
192    4    23    10    420    485    90
193    87    108    20    193    432    90
194    21    26    20    241    435    90
195    121    134    20    475    608    90
196    119    130    20    715    742    90
197    91    108    10    237    577    90
198    130    27    30    198    311    90
199    101    107    10    1038    1090    90
200    34    108    10    534    539    90
201    131    31    20    529    732    90
