CUST    NO.    XCOORD.    YCOORD.    DEMAND    READY    TIME    DUE    DATE    SERVICE    TIME
1    70    70    0    0    3598    0
2    38    105    20    2318    3457    90
3    100    5    20    523    973    90
4    111    78    10    892    1310    90
5    96    62    10    2118    3481    90
6    122    11    30    1476    2528    90
7    94    18    30    111    595    90
8    60    89    10    2335    3019    90
9    67    123    20    527    1445    90
10    99    53    20    1216    2579    90
11    26    24    20    63    1177    90
12    93    61    10    2000    3484    90
13    27    32    20    684    1894    90
14    25    31    20    764    1630    90
15    98    36    10    2647    3464    90
16    101    68    10    369    1625    90
17    49    48    10    1232    1733    90
18    56    95    10    2263    2898    90
19    14    107    20    384    1447    90
20    98    46    20    1532    2456    90
21    131    4    40    1393    2041    90
22    94    89    20    2458    3292    90
23    70    113    30    985    1776    90
24    94    59    30    2862    3302    90
25    64    59    10    1465    2535    90
26    112    3    10    975    1875    90
27    20    108    10    370    1268    90
28    10    118    20    908    2284    90
29    76    65    40    7    558    90
30    103    12    20    126    1175    90
31    44    62    30    587    1806    90
32    96    138    10    1358    2778    90
33    27    44    20    928    2043    90
34    21    28    40    1027    1177    90
35    26    91    10    2127    3460    90
36    98    75    10    289    1317    90
37    69    48    20    3164    3235    90
38    19    116    10    1330    2863    90
39    60    111    10    468    544    90
40    54    102    20    72    554    90
41    63    103    20    33    411    90
42    91    91    10    29    1319    90
43    77    15    10    55    1080    90
44    77    117    30    1197    2126    90
45    115    41    20    2237    3299    90
46    12    33    10    621    1201    90
47    44    82    20    457    1307    90
48    117    55    20    1064    1764    90
49    116    10    20    777    1695    90
50    57    77    20    1903    2497    90
51    29    36    20    851    2317    90
52    90    91    10    2529    3410    90
53    62    73    20    2783    3500    90
54    6    121    20    1533    1849    90
55    105    49    10    1730    3079    90
56    28    115    10    2075    2894    90
57    4    137    30    1216    2380    90
58    11    100    20    436    1590    90
59    67    84    30    2524    3390    90
60    23    22    20    196    679    90
61    41    64    20    756    1450    90
62    56    56    40    868    2299    90
63    80    40    20    1470    2115    90
64    60    66    30    10    804    90
65    16    90    20    57    1026    90
66    104    82    30    217    1191    90
67    64    78    10    2269    3498    90
68    47    36    20    41    285    90
69    46    80    20    2424    3482    90
70    86    124    20    1303    2419    90
71    48    72    20    155    1220    90
72    121    9    10    1273    2364    90
73    60    52    20    1172    2185    90
74    25    46    20    658    2128    90
75    26    15    20    1715    2443    90
76    98    116    30    1955    3198    90
77    66    131    10    256    1521    90
78    15    30    20    714    1296    90
79    66    117    30    744    1421    90
80    111    70    20    2661    2919    90
81    123    19    20    1749    2833    90
82    17    18    30    1946    2595    90
83    57    87    10    2127    2838    90
84    102    33    30    2794    3339    90
85    7    113    10    1076    1926    90
86    37    115    20    2388    2778    90
87    17    25    10    69    1411    90
88    83    105    30    2135    2620    90
89    51    115    10    2152    3222    90
90    96    55    20    1318    2100    90
91    112    2    20    772    2261    90
92    116    23    20    1921    3217    90
93    57    70    10    1655    2551    90
94    15    23    30    518    736    90
95    45    68    30    204    799    90
96    19    41    10    2828    3303    90
97    38    16    10    1219    2173    90
98    81    135    20    1801    2125    90
99    62    128    20    212    1375    90
100    49    70    20    21    1288    90
101    24    19    10    1931    2417    90
102    119    20    10    2031    2919    90
103    62    125    30    304    1096    90
104    29    10    30    1617    2170    90
105    13    80    30    57    825    90
106    65    73    10    2985    3500    90
107    109    25    10    1981    3449    90
108    91    71    10    21    1437    90
109    47    57    30    813    1772    90
110    9    42    20    2705    2834    90
111    96    23    30    139    376    90
112    26    102    40    2793    3188    90
113    4    15    20    2405    2537    90
114    3    98    10    746    1476    90
115    35    88    20    2746    3469    90
116    18    107    10    507    764    90
117    95    68    20    576    1226    90
118    58    85    10    1962    2818    90
119    11    23    10    271    1170    90
120    61    107    10    201    623    90
121    3    17    10    2254    2872    90
122    26    104    10    1964    2618    90
123    74    56    10    1296    2502    90
124    24    105    10    2037    2359    90
125    30    106    30    1976    2794    90
126    4    33    20    2190    3149    90
127    106    0    10    740    1340    90
128    120    10    20    1528    2292    90
129    106    5    30    819    1450    90
130    30    58    20    2258    3467    90
131    9    9    10    2052    2694    90
132    7    92    20    660    1757    90
133    50    29    10    45    1322    90
134    46    52    10    1015    1760    90
135    70    110    30    561    2014    90
136    37    111    20    2402    3181    90
137    75    64    20    7    923    90
138    20    93    10    55    1152    90
139    94    1    10    573    1118    90
140    41    12    10    1331    2250    90
141    20    109    10    520    936    90
142    28    14    20    1983    1992    90
143    87    63    30    18    1587    90
144    101    4    10    488    1398    90
145    80    22    10    49    851    90
146    117    10    10    818    1836    90
147    103    33    10    1607    2589    90
148    104    51    20    1890    3102    90
149    103    19    30    60    1526    90
150    7    52    20    2352    3388    90
151    73    119    30    1136    1999    90
152    79    128    30    1433    2093    90
153    10    50    20    2732    3194    90
154    26    23    50    64    1185    90
155    95    103    20    2090    3451    90
156    101    59    30    1371    1854    90
157    113    67    20    2487    2905    90
158    25    94    10    2623    3457    90
159    120    20    20    1903    2865    90
160    105    26    30    2546    3391    90
161    59    77    20    2119    2464    90
162    116    34    20    1924    2668    90
163    45    71    10    45    1517    90
164    86    109    10    2302    2644    90
165    15    96    10    265    616    90
166    64    88    30    2454    3271    90
167    60    115    20    46    1184    90
168    63    100    10    30    1128    90
169    94    104    30    2190    3169    90
170    8    102    10    1072    1544    90
171    64    89    10    2165    3378    90
172    61    66    10    9    660    90
173    95    121    10    1949    2587    90
174    47    63    30    162    650    90
175    19    96    10    57    1392    90
176    103    55    20    1241    1795    90
177    36    94    30    2946    3467    90
178    75    103    20    355    2023    90
179    65    80    10    11    480    90
180    94    56    30    1347    2256    90
181    18    123    20    1109    2889    90
182    92    123    10    1681    2666    90
183    12    31    20    466    1171    90
184    106    81    20    184    1039    90
185    98    28    10    50    1293    90
186    14    133    30    1759    2037    90
187    101    32    20    1939    2442    90
188    25    66    10    468    1525    90
189    78    61    40    12    400    90
190    123    64    20    313    2315    90
191    126    20    20    1838    2556    90
192    72    117    10    715    2236    90
193    10    105    20    1197    1607    90
194    128    0    10    1259    1986    90
195    130    16    30    1737    2466    90
196    114    63    10    2209    2995    90
197    80    63    20    12    644    90
198    113    36    10    2185    3159    90
199    15    94    30    60    1025    90
200    129    77    10    945    1473    90
201    85    85    20    21    1007    90
