CUST    NO.    XCOORD.    YCOORD.    DEMAND    READY    TIME    DUE    DATE    SERVICE    TIME
1    70    70    0    0    3598    0
2    38    105    20    2690    3085    90
3    100    5    20    708    788    90
4    111    78    10    786    1417    90
5    96    62    10    2541    3253    90
6    122    11    30    1435    2570    90
7    94    18    30    57    940    90
8    60    89    10    2255    3100    90
9    67    123    20    427    1546    90
10    99    53    20    1815    1980    90
11    26    24    20    63    1274    90
12    93    61    10    2654    3325    90
13    27    32    20    935    1642    90
14    25    31    20    1148    1245    90
15    98    36    10    2519    3464    90
16    101    68    10    672    1322    90
17    49    48    10    1058    1908    90
18    56    95    10    2326    2834    90
19    14    107    20    691    1139    90
20    98    46    20    1903    2086    90
21    131    4    40    1349    2085    90
22    94    89    20    2540    3210    90
23    70    113    30    1095    1666    90
24    94    59    30    2732    3433    90
25    64    59    10    1915    2085    90
26    112    3    10    958    1893    90
27    20    108    10    544    1094    90
28    10    118    20    1313    1879    90
29    76    65    40    7    551    90
30    103    12    20    131    1171    90
31    44    62    30    678    1716    90
32    96    138    10    1902    2235    90
33    27    44    20    1290    1681    90
34    21    28    40    762    1441    90
35    26    91    10    2885    3460    90
36    98    75    10    495    1112    90
37    69    48    20    2796    3486    90
38    19    116    10    1912    2280    90
39    60    111    10    109    904    90
40    54    102    20    182    445    90
41    63    103    20    155    274    90
42    91    91    10    394    614    90
43    77    15    10    76    217    90
44    77    117    30    1418    1906    90
45    115    41    20    2562    2974    90
46    12    33    10    766    1056    90
47    44    82    20    541    1224    90
48    117    55    20    1188    1641    90
49    116    10    20    849    1623    90
50    57    77    20    1880    2519    90
51    29    36    20    1055    2113    90
52    90    91    10    2771    3168    90
53    62    73    20    2649    3500    90
54    6    121    20    1293    2090    90
55    105    49    10    2160    2649    90
56    28    115    10    2295    2673    90
57    4    137    30    1471    2125    90
58    11    100    20    921    1104    90
59    67    84    30    2880    3035    90
60    23    22    20    154    721    90
61    41    64    20    887    1320    90
62    56    56    40    1207    1960    90
63    80    40    20    1536    2048    90
64    60    66    30    93    512    90
65    16    90    20    57    1181    90
66    104    82    30    361    1047    90
67    64    78    10    2757    3352    90
68    47    36    20    41    380    90
69    46    80    20    2689    3482    90
70    86    124    20    1511    2212    90
71    48    72    20    327    1048    90
72    121    9    10    1681    1957    90
73    60    52    20    1376    1981    90
74    25    46    20    1138    1647    90
75    26    15    20    1567    2591    90
76    98    116    30    2043    3110    90
77    66    131    10    414    1363    90
78    15    30    20    574    1436    90
79    66    117    30    552    1612    90
80    111    70    20    2584    2995    90
81    123    19    20    1823    2759    90
82    17    18    30    1940    2602    90
83    57    87    10    1940    3025    90
84    102    33    30    2907    3226    90
85    7    113    10    1222    1779    90
86    37    115    20    2454    2712    90
87    17    25    10    106    963    90
88    83    105    30    2029    2726    90
89    51    115    10    2386    2989    90
90    96    55    20    1483    1936    90
91    112    2    20    1089    1943    90
92    116    23    20    2263    2874    90
93    57    70    10    1596    2610    90
94    15    23    30    339    914    90
95    45    68    30    25    1186    90
96    19    41    10    2790    3342    90
97    38    16    10    1403    1989    90
98    81    135    20    1892    2035    90
99    62    128    20    501    1085    90
100    49    70    20    204    988    90
101    24    19    10    1883    2464    90
102    119    20    10    2139    2811    90
103    62    125    30    213    1187    90
104    29    10    30    1517    2270    90
105    13    80    30    57    197    90
106    65    73    10    2620    3503    90
107    109    25    10    2548    3202    90
108    91    71    10    21    928    90
109    47    57    30    981    1605    90
110    9    42    20    2643    2895    90
111    96    23    30    53    896    90
112    26    102    40    2608    3372    90
113    4    15    20    2177    2765    90
114    3    98    10    756    1467    90
115    35    88    20    2626    3469    90
116    18    107    10    136    1135    90
117    95    68    20    553    1250    90
118    58    85    10    2053    2727    90
119    11    23    10    554    888    90
120    61    107    10    102    721    90
121    3    17    10    2087    3040    90
122    26    104    10    2116    2465    90
123    74    56    10    1691    2108    90
124    24    105    10    1969    2427    90
125    30    106    30    2089    2681    90
126    4    33    20    2517    2822    90
127    106    0    10    394    1685    90
128    120    10    20    1874    1946    90
129    106    5    30    1061    1209    90
130    30    58    20    2794    3467    90
131    9    9    10    2089    2658    90
132    7    92    20    925    1492    90
133    50    29    10    45    732    90
134    46    52    10    1121    1655    90
135    70    110    30    919    1657    90
136    37    111    20    2467    3117    90
137    75    64    20    7    262    90
138    20    93    10    55    1105    90
139    94    1    10    442    1250    90
140    41    12    10    1730    1851    90
141    20    109    10    449    1007    90
142    28    14    20    1665    2310    90
143    87    63    30    105    297    90
144    101    4    10    735    1152    90
145    80    22    10    49    142    90
146    117    10    10    960    1693    90
147    103    33    10    1739    2457    90
148    104    51    20    2304    2689    90
149    103    19    30    157    950    90
150    7    52    20    2457    3283    90
151    73    119    30    1074    2060    90
152    79    128    30    1451    2076    90
153    10    50    20    2888    3038    90
154    26    23    50    231    458    90
155    95    103    20    2614    2927    90
156    101    59    30    1461    1764    90
157    113    67    20    2450    2942    90
158    25    94    10    2764    3413    90
159    120    20    20    1866    2901    90
160    105    26    30    2541    3397    90
161    59    77    20    1985    2598    90
162    116    34    20    1842    2749    90
163    45    71    10    311    1252    90
164    86    109    10    1866    3079    90
165    15    96    10    306    575    90
166    64    88    30    2324    3401    90
167    60    115    20    446    755    90
168    63    100    10    41    202    90
169    94    104    30    2449    2909    90
170    8    102    10    1111    1505    90
171    64    89    10    2300    3242    90
172    61    66    10    9    594    90
173    95    121    10    2040    2495    90
174    47    63    30    24    804    90
175    19    96    10    57    1027    90
176    103    55    20    942    2094    90
177    36    94    30    2705    3467    90
178    75    103    20    920    1458    90
179    65    80    10    11    801    90
180    94    56    30    1632    1971    90
181    18    123    20    1608    2391    90
182    92    123    10    1923    2424    90
183    12    31    20    251    1387    90
184    106    81    20    269    955    90
185    98    28    10    50    1216    90
186    14    133    30    1590    2207    90
187    101    32    20    1630    2751    90
188    25    66    10    400    1593    90
189    78    61    40    12    1033    90
190    123    64    20    1123    1504    90
191    126    20    20    1950    2444    90
192    72    117    10    1279    1672    90
193    10    105    20    906    1898    90
194    128    0    10    1204    2040    90
195    130    16    30    1766    2437    90
196    114    63    10    2234    2970    90
197    80    63    20    57    148    90
198    113    36    10    2392    2952    90
199    15    94    30    220    477    90
200    129    77    10    665    1754    90
201    85    85    20    91    719    90
