CUST    NO.    XCOORD.    YCOORD.    DEMAND    READY    TIME    DUE    DATE    SERVICE    TIME
1    70    70    0    0    3598    0
2    38    105    20    2568    3208    90
3    100    5    20    428    1068    90
4    111    78    10    781    1421    90
5    96    62    10    2577    3217    90
6    122    11    30    1682    2322    90
7    94    18    30    57    697    90
8    60    89    10    2357    2997    90
9    67    123    20    666    1306    90
10    99    53    20    1577    2217    90
11    26    24    20    63    703    90
12    93    61    10    2670    3310    90
13    27    32    20    969    1609    90
14    25    31    20    877    1517    90
15    98    36    10    2824    3464    90
16    101    68    10    677    1317    90
17    49    48    10    1163    1803    90
18    56    95    10    2260    2900    90
19    14    107    20    595    1235    90
20    98    46    20    1674    2314    90
21    131    4    40    1397    2037    90
22    94    89    20    2555    3195    90
23    70    113    30    1061    1701    90
24    94    59    30    2762    3402    90
25    64    59    10    1680    2320    90
26    112    3    10    1105    1745    90
27    20    108    10    499    1139    90
28    10    118    20    1276    1916    90
29    76    65    40    7    647    90
30    103    12    20    331    971    90
31    44    62    30    877    1517    90
32    96    138    10    1748    2388    90
33    27    44    20    1166    1806    90
34    21    28    40    782    1422    90
35    26    91    10    2820    3460    90
36    98    75    10    483    1123    90
37    69    48    20    2846    3486    90
38    19    116    10    1776    2416    90
39    60    111    10    186    826    90
40    54    102    20    35    675    90
41    63    103    20    33    673    90
42    91    91    10    184    824    90
43    77    15    10    55    695    90
44    77    117    30    1342    1982    90
45    115    41    20    2448    3088    90
46    12    33    10    591    1231    90
47    44    82    20    562    1202    90
48    117    55    20    1094    1734    90
49    116    10    20    916    1556    90
50    57    77    20    1880    2520    90
51    29    36    20    1264    1904    90
52    90    91    10    2649    3289    90
53    62    73    20    2830    3470    90
54    6    121    20    1371    2011    90
55    105    49    10    2084    2724    90
56    28    115    10    2164    2804    90
57    4    137    30    1478    2118    90
58    11    100    20    693    1333    90
59    67    84    30    2637    3277    90
60    23    22    20    117    757    90
61    41    64    20    783    1423    90
62    56    56    40    1263    1903    90
63    80    40    20    1472    2112    90
64    60    66    30    10    650    90
65    16    90    20    57    697    90
66    104    82    30    384    1024    90
67    64    78    10    2734    3374    90
68    47    36    20    41    681    90
69    46    80    20    2842    3482    90
70    86    124    20    1541    2181    90
71    48    72    20    368    1008    90
72    121    9    10    1499    2139    90
73    60    52    20    1359    1999    90
74    25    46    20    1073    1713    90
75    26    15    20    1759    2399    90
76    98    116    30    2256    2896    90
77    66    131    10    568    1208    90
78    15    30    20    685    1325    90
79    66    117    30    762    1402    90
80    111    70    20    2470    3110    90
81    123    19    20    1971    2611    90
82    17    18    30    1951    2591    90
83    57    87    10    2162    2802    90
84    102    33    30    2747    3387    90
85    7    113    10    1181    1821    90
86    37    115    20    2263    2903    90
87    17    25    10    214    854    90
88    83    105    30    2058    2698    90
89    51    115    10    2367    3007    90
90    96    55    20    1389    2029    90
91    112    2    20    1196    1836    90
92    116    23    20    2249    2889    90
93    57    70    10    1783    2423    90
94    15    23    30    307    947    90
95    45    68    30    181    821    90
96    19    41    10    2746    3386    90
97    38    16    10    1376    2016    90
98    81    135    20    1643    2283    90
99    62    128    20    473    1113    90
100    49    70    20    276    916    90
101    24    19    10    1854    2494    90
102    119    20    10    2155    2795    90
103    62    125    30    380    1020    90
104    29    10    30    1573    2213    90
105    13    80    30    57    697    90
106    65    73    10    2863    3503    90
107    109    25    10    2555    3195    90
108    91    71    10    21    661    90
109    47    57    30    973    1613    90
110    9    42    20    2449    3089    90
111    96    23    30    53    693    90
112    26    102    40    2670    3310    90
113    4    15    20    2151    2791    90
114    3    98    10    791    1431    90
115    35    88    20    2829    3469    90
116    18    107    10    315    955    90
117    95    68    20    581    1221    90
118    58    85    10    2070    2710    90
119    11    23    10    401    1041    90
120    61    107    10    92    732    90
121    3    17    10    2243    2883    90
122    26    104    10    1971    2611    90
123    74    56    10    1579    2219    90
124    24    105    10    1878    2518    90
125    30    106    30    2065    2705    90
126    4    33    20    2349    2989    90
127    106    0    10    720    1360    90
128    120    10    20    1590    2230    90
129    106    5    30    815    1455    90
130    30    58    20    2827    3467    90
131    9    9    10    2053    2693    90
132    7    92    20    888    1528    90
133    50    29    10    45    685    90
134    46    52    10    1068    1708    90
135    70    110    30    968    1608    90
136    37    111    20    2472    3112    90
137    75    64    20    7    647    90
138    20    93    10    55    695    90
139    94    1    10    526    1166    90
140    41    12    10    1471    2111    90
141    20    109    10    408    1048    90
142    28    14    20    1667    2307    90
143    87    63    30    18    658    90
144    101    4    10    623    1263    90
145    80    22    10    49    689    90
146    117    10    10    1007    1647    90
147    103    33    10    1778    2418    90
148    104    51    20    2176    2816    90
149    103    19    30    234    874    90
150    7    52    20    2550    3190    90
151    73    119    30    1247    1887    90
152    79    128    30    1443    2083    90
153    10    50    20    2643    3283    90
154    26    23    50    64    704    90
155    95    103    20    2451    3091    90
156    101    59    30    1293    1933    90
157    113    67    20    2376    3016    90
158    25    94    10    2768    3408    90
159    120    20    20    2064    2704    90
160    105    26    30    2649    3289    90
161    59    77    20    1972    2612    90
162    116    34    20    1976    2616    90
163    45    71    10    461    1101    90
164    86    109    10    2153    2793    90
165    15    96    10    120    760    90
166    64    88    30    2542    3182    90
167    60    115    20    280    920    90
168    63    100    10    30    670    90
169    94    104    30    2359    2999    90
170    8    102    10    988    1628    90
171    64    89    10    2451    3091    90
172    61    66    10    9    649    90
173    95    121    10    1948    2588    90
174    47    63    30    86    726    90
175    19    96    10    214    854    90
176    103    55    20    1198    1838    90
177    36    94    30    2827    3467    90
178    75    103    20    869    1509    90
179    65    80    10    11    651    90
180    94    56    30    1481    2121    90
181    18    123    20    1679    2319    90
182    92    123    10    1854    2494    90
183    12    31    20    499    1139    90
184    106    81    20    292    932    90
185    98    28    10    133    773    90
186    14    133    30    1578    2218    90
187    101    32    20    1871    2511    90
188    25    66    10    677    1317    90
189    78    61    40    12    652    90
190    123    64    20    994    1634    90
191    126    20    20    1877    2517    90
192    72    117    10    1155    1795    90
193    10    105    20    1082    1722    90
194    128    0    10    1302    1942    90
195    130    16    30    1782    2422    90
196    114    63    10    2282    2922    90
197    80    63    20    12    652    90
198    113    36    10    2352    2992    90
199    15    94    30    60    700    90
200    129    77    10    889    1529    90
201    85    85    20    85    725    90
