CUST    NO.    XCOORD.    YCOORD.    DEMAND    READY    TIME    DUE    DATE    SERVICE    TIME
1    70    70    0    0    3598    0
2    38    105    20    2728    3048    90
3    100    5    20    588    908    90
4    111    78    10    941    1261    90
5    96    62    10    2737    3057    90
6    122    11    30    1842    2162    90
7    94    18    30    193    513    90
8    60    89    10    2517    2837    90
9    67    123    20    826    1146    90
10    99    53    20    1737    2057    90
11    26    24    20    93    413    90
12    93    61    10    2830    3150    90
13    27    32    20    1129    1449    90
14    25    31    20    1037    1357    90
15    98    36    10    3002    3322    90
16    101    68    10    837    1157    90
17    49    48    10    1323    1643    90
18    56    95    10    2420    2740    90
19    14    107    20    755    1075    90
20    98    46    20    1834    2154    90
21    131    4    40    1557    1877    90
22    94    89    20    2715    3035    90
23    70    113    30    1221    1541    90
24    94    59    30    2922    3242    90
25    64    59    10    1840    2160    90
26    112    3    10    1265    1585    90
27    20    108    10    659    979    90
28    10    118    20    1436    1756    90
29    76    65    40    7    327    90
30    103    12    20    491    811    90
31    44    62    30    1037    1357    90
32    96    138    10    1908    2228    90
33    27    44    20    1326    1646    90
34    21    28    40    942    1262    90
35    26    91    10    3021    3341    90
36    98    75    10    643    963    90
37    69    48    20    3040    3360    90
38    19    116    10    1936    2256    90
39    60    111    10    346    666    90
40    54    102    20    153    473    90
41    63    103    20    54    374    90
42    91    91    10    344    664    90
43    77    15    10    55    375    90
44    77    117    30    1502    1822    90
45    115    41    20    2608    2928    90
46    12    33    10    751    1071    90
47    44    82    20    722    1042    90
48    117    55    20    1254    1574    90
49    116    10    20    1076    1396    90
50    57    77    20    2040    2360    90
51    29    36    20    1424    1744    90
52    90    91    10    2809    3129    90
53    62    73    20    2990    3310    90
54    6    121    20    1531    1851    90
55    105    49    10    2244    2564    90
56    28    115    10    2324    2644    90
57    4    137    30    1638    1958    90
58    11    100    20    853    1173    90
59    67    84    30    2797    3117    90
60    23    22    20    277    597    90
61    41    64    20    943    1263    90
62    56    56    40    1423    1743    90
63    80    40    20    1632    1952    90
64    60    66    30    143    463    90
65    16    90    20    57    377    90
66    104    82    30    544    864    90
67    64    78    10    2894    3214    90
68    47    36    20    41    361    90
69    46    80    20    3162    3482    90
70    86    124    20    1701    2021    90
71    48    72    20    528    848    90
72    121    9    10    1659    1979    90
73    60    52    20    1519    1839    90
74    25    46    20    1233    1553    90
75    26    15    20    1919    2239    90
76    98    116    30    2416    2736    90
77    66    131    10    728    1048    90
78    15    30    20    845    1165    90
79    66    117    30    922    1242    90
80    111    70    20    2630    2950    90
81    123    19    20    2131    2451    90
82    17    18    30    2111    2431    90
83    57    87    10    2322    2642    90
84    102    33    30    2907    3227    90
85    7    113    10    1341    1661    90
86    37    115    20    2423    2743    90
87    17    25    10    374    694    90
88    83    105    30    2218    2538    90
89    51    115    10    2527    2847    90
90    96    55    20    1549    1869    90
91    112    2    20    1356    1676    90
92    116    23    20    2409    2729    90
93    57    70    10    1943    2263    90
94    15    23    30    467    787    90
95    45    68    30    341    661    90
96    19    41    10    2906    3226    90
97    38    16    10    1536    1856    90
98    81    135    20    1803    2123    90
99    62    128    20    633    953    90
100    49    70    20    436    756    90
101    24    19    10    2014    2334    90
102    119    20    10    2315    2635    90
103    62    125    30    540    860    90
104    29    10    30    1733    2053    90
105    13    80    30    57    377    90
106    65    73    10    3083    3403    90
107    109    25    10    2715    3035    90
108    91    71    10    140    460    90
109    47    57    30    1133    1453    90
110    9    42    20    2609    2929    90
111    96    23    30    97    417    90
112    26    102    40    2830    3150    90
113    4    15    20    2311    2631    90
114    3    98    10    951    1271    90
115    35    88    20    3149    3469    90
116    18    107    10    475    795    90
117    95    68    20    741    1061    90
118    58    85    10    2230    2550    90
119    11    23    10    561    881    90
120    61    107    10    252    572    90
121    3    17    10    2403    2723    90
122    26    104    10    2131    2451    90
123    74    56    10    1739    2059    90
124    24    105    10    2038    2358    90
125    30    106    30    2225    2545    90
126    4    33    20    2509    2829    90
127    106    0    10    880    1200    90
128    120    10    20    1750    2070    90
129    106    5    30    975    1295    90
130    30    58    20    3016    3336    90
131    9    9    10    2213    2533    90
132    7    92    20    1048    1368    90
133    50    29    10    45    365    90
134    46    52    10    1228    1548    90
135    70    110    30    1128    1448    90
136    37    111    20    2632    2952    90
137    75    64    20    7    327    90
138    20    93    10    93    413    90
139    94    1    10    686    1006    90
140    41    12    10    1631    1951    90
141    20    109    10    568    888    90
142    28    14    20    1827    2147    90
143    87    63    30    41    361    90
144    101    4    10    783    1103    90
145    80    22    10    49    369    90
146    117    10    10    1167    1487    90
147    103    33    10    1938    2258    90
148    104    51    20    2336    2656    90
149    103    19    30    394    714    90
150    7    52    20    2710    3030    90
151    73    119    30    1407    1727    90
152    79    128    30    1603    1923    90
153    10    50    20    2803    3123    90
154    26    23    50    184    504    90
155    95    103    20    2611    2931    90
156    101    59    30    1453    1773    90
157    113    67    20    2536    2856    90
158    25    94    10    2928    3248    90
159    120    20    20    2224    2544    90
160    105    26    30    2809    3129    90
161    59    77    20    2132    2452    90
162    116    34    20    2136    2456    90
163    45    71    10    621    941    90
164    86    109    10    2313    2633    90
165    15    96    10    280    600    90
166    64    88    30    2702    3022    90
167    60    115    20    440    760    90
168    63    100    10    30    350    90
169    94    104    30    2519    2839    90
170    8    102    10    1148    1468    90
171    64    89    10    2611    2931    90
172    61    66    10    52    372    90
173    95    121    10    2108    2428    90
174    47    63    30    246    566    90
175    19    96    10    374    694    90
176    103    55    20    1358    1678    90
177    36    94    30    3122    3442    90
178    75    103    20    1029    1349    90
179    65    80    10    11    331    90
180    94    56    30    1641    1961    90
181    18    123    20    1839    2159    90
182    92    123    10    2014    2334    90
183    12    31    20    659    979    90
184    106    81    20    452    772    90
185    98    28    10    293    613    90
186    14    133    30    1738    2058    90
187    101    32    20    2031    2351    90
188    25    66    10    837    1157    90
189    78    61    40    12    332    90
190    123    64    20    1154    1474    90
191    126    20    20    2037    2357    90
192    72    117    10    1315    1635    90
193    10    105    20    1242    1562    90
194    128    0    10    1462    1782    90
195    130    16    30    1942    2262    90
196    114    63    10    2442    2762    90
197    80    63    20    12    332    90
198    113    36    10    2512    2832    90
199    15    94    30    188    508    90
200    129    77    10    1049    1369    90
201    85    85    20    245    565    90
