5    439    237    11    949    959    10
6    377    385    6    876    886    10
7    449    428    25    1257    1267    10
8    342    481    18    1450    1460    10
9    466    149    16    1196    1206    10
10    83    290    14    618    628    10
11    251    63    14    997    1007    10
12    328    491    21    688    698    10
13    260    472    33    1046    1056    10
14    290    145    5    1292    1302    10
15    266    221    9    33    43    10
16    164    320    12    1105    1115    10
17    52    412    22    1416    1426    10
18    485    104    21    804    814    10
19    144    331    13    941    951    10
20    387    394    8    1108    1118    10
21    472    57    17    1305    1315    10
22    343    276    15    96    106    10
23    104    349    20    1019    1029    10
24    28    467    34    1353    1363    10
25    91    427    14    893    903    10
26    429    476    23    583    593    10
27    210    276    5    47    57    10
28    58    39    12    1173    1183    10
29    273    300    30    55    65    10
30    41    232    16    215    225    10
31    25    53    23    1030    1040    10
32    52    18    28    867    877    10
33    27    444    22    1090    1100    10
34    178    72    23    767    777    10
35    406    460    2    729    739    10
36    250    328    24    259    269    10
37    492    34    5    821    831    10
38    412    100    1    523    533    10
39    233    87    18    263    273    10
40    60    5    18    1054    1064    10
41    406    408    15    1466    1476    10
42    245    42    24    557    567    10
43    166    345    14    1140    1150    10
44    440    294    16    970    980    10
45    370    382    11    894    904    10
46    32    319    21    411    421    10
47    480    136    22    256    266    10
48    371    163    21    838    848    10
49    0    188    26    942    952    10
50    438    5    18    559    569    10
51    132    477    25    337    347    10
52    203    211    20    1316    1326    10
53    2    264    40    665    675    10
54    231    167    15    85    95    10
55    423    221    9    268    278    10
56    459    53    20    1132    1142    10
57    386    154    31    1111    1121    10
58    130    494    6    769    779    10
59    31    175    24    257    267    10
60    69    423    32    812    822    10
61    352    241    5    802    812    10
62    261    201    15    1524    1534    10
63    59    276    11    902    912    10
64    146    188    6    1245    1255    10
65    451    62    5    292    302    10
66    299    285    3    1264    1274    10
67    142    372    18    162    172    10
68    440    201    29    903    913    10
69    219    210    14    50    60    10
70    64    198    10    1098    1108    10
71    390    249    21    592    602    10
72    9    101    16    676    686    10
73    424    288    13    1067    1077    10
74    77    372    19    211    221    10
75    298    264    36    50    60    10
76    405    454    11    1313    1323    10
77    407    35    11    1298    1308    10
78    225    369    38    121    131    10
79    347    459    25    489    499    10
80    117    178    28    1127    1137    10
81    132    479    11    257    267    10
82    201    66    14    1177    1187    10
83    245    176    20    1245    1255    10
84    470    138    16    1399    1409    10
85    115    296    24    1539    1549    10
86    348    476    19    1207    1217    10
87    43    210    20    210    220    10
88    327    139    13    1267    1277    10
89    49    353    15    1456    1466    10
90    356    256    19    106    116    10
91    335    99    25    1228    1238    10
92    363    34    19    282    292    10
93    33    278    18    1497    1507    10
94    366    288    29    694    704    10
95    452    172    9    618    628    10
96    86    189    21    237    247    10
97    262    369    15    139    149    10
98    218    403    15    1329    1339    10
99    218    12    3    554    564    10
100    228    399    14    596    606    10
101    492    188    33    725    735    10
102    267    174    34    1628    1638    10
103    274    441    12    705    715    10
104    210    113    28    700    710    10
105    370    262    15    1109    1119    10
106    303    186    10    1364    1374    10
107    241    180    13    1705    1715    10
108    100    85    14    361    371    10
109    350    199    21    1211    1221    10
110    500    228    8    792    802    10
111    251    238    27    12    22    10
112    114    102    21    517    527    10
113    345    146    27    1449    1459    10
114    21    146    21    497    507    10
115    330    147    28    858    868    10
116    476    61    36    459    469    10
117    386    245    16    489    499    10
118    201    278    13    56    66    10
119    421    499    23    1355    1365    10
120    426    231    24    1038    1048    10
121    105    137    32    462    472    10
122    64    437    11    928    938    10
123    181    260    23    69    79    10
124    413    391    8    227    237    10
125    370    493    22    581    591    10
126    447    267    19    990    1000    10
127    232    101    24    356    366    10
128    371    332    14    540    550    10
129    447    383    17    237    247    10
130    325    147    14    1197    1207    10
131    489    437    29    717    727    10
132    415    95    15    1187    1197    10
133    331    356    13    722    732    10
134    374    346    27    431    441    10
135    108    37    23    559    569    10
136    5    224    19    1065    1075    10
137    93    413    17    226    236    10
138    210    29    13    1061    1071    10
139    136    265    12    114    124    10
140    409    155    19    185    195    10
141    111    178    18    156    166    10
142    291    251    20    41    51    10
143    322    290    23    1489    1499    10
144    57    183    15    1110    1120    10
145    181    185    19    1624    1634    10
146    7    382    27    780    790    10
147    425    448    9    804    814    10
148    174    41    15    1313    1323    10
149    161    276    8    143    153    10
150    398    49    21    802    812    10
151    210    379    12    719    729    10
152    60    231    32    1036    1046    10
153    453    360    13    230    240    10
154    367    97    17    998    1008    10
155    488    3    3    411    421    10
156    44    115    24    246    256    10
157    48    293    22    286    296    10
158    64    135    11    878    888    10
159    65    62    15    986    996    10
160    404    207    6    921    931    10
161    68    303    22    231    241    10
162    263    418    25    288    298    10
163    147    30    26    1119    1129    10
164    384    149    18    1207    1217    10
165    340    416    36    331    341    10
166    271    128    12    356    366    10
167    89    358    23    1257    1267    10
168    20    480    25    580    590    10
169    488    173    25    1220    1230    10
170    439    156    2    536    546    10
171    389    156    27    726    736    10
172    111    392    18    1179    1189    10
173    267    162    6    1459    1469    10
174    248    176    32    1411    1421    10
175    413    476    34    1189    1199    10
176    352    481    15    1295    1305    10
177    264    135    1    889    899    10
178    29    462    17    1320    1330    10
179    148    462    10    737    747    10
180    44    140    11    878    888    10
181    414    378    23    505    515    10
182    392    95    16    776    786    10
183    216    341    19    664    674    10
184    211    411    15    1157    1167    10
185    317    45    8    668    678    10
186    178    150    33    642    652    10
187    428    302    27    1026    1036    10
188    450    45    24    514    524    10
189    453    318    30    384    394    10
190    186    135    24    728    738    10
191    11    403    18    353    363    10
192    433    447    20    804    814    10
193    272    420    7    1396    1406    10
194    429    59    9    469    479    10
195    200    27    22    535    545    10
196    498    171    12    1266    1276    10
197    487    320    21    868    878    10
198    45    166    22    1023    1033    10
199    490    276    33    248    258    10
200    126    391    19    283    293    10
201    92    18    8    1134    1144    10
202    293    228    19    48    58    10
203    343    205    26    777    787    10
204    182    480    31    375    385    10
205    385    285    13    878    888    10
206    44    344    12    1089    1099    10
207    170    347    15    446    456    10
208    457    492    7    518    528    10
209    124    448    6    379    389    10
210    398    210    31    153    163    10
211    75    118    21    419    429    10
212    105    474    27    481    491    10
213    134    211    35    130    140    10
214    211    248    26    39    49    10
215    212    186    11    1732    1742    10
216    492    335    10    838    848    10
217    497    483    12    363    373    10
218    440    436    18    902    912    10
219    311    203    15    733    743    10
220    491    369    28    740    750    10
221    67    378    26    480    490    10
222    383    17    15    950    960    10
223    7    82    25    422    432    10
224    342    319    36    115    125    10
225    78    406    15    970    980    10
226    103    123    8    500    510    10
227    241    38    16    542    552    10
228    224    3    10    700    710    10
229    436    467    12    746    756    10
230    438    488    18    337    347    10
231    351    60    15    220    230    10
232    13    214    21    1364    1374    10
233    429    67    16    742    752    10
234    498    456    27    1416    1426    10
235    135    400    20    309    319    10
236    215    293    13    55    65    10
237    354    416    10    689    699    10
238    294    421    26    1585    1595    10
239    208    445    22    1342    1352    10
240    230    320    8    1202    1212    10
241    157    38    3    1058    1068    10
242    441    100    31    883    893    10
243    61    170    20    1016    1026    10
244    79    467    22    361    371    10
245    365    190    22    1487    1497    10
246    282    1    18    1052    1062    10
247    124    111    15    799    809    10
248    247    219    17    31    41    10
249    28    180    34    396    406    10
250    167    488    17    260    270    10
251    442    289    25    201    211    10
252    136    430    14    720    730    10
253    38    15    3    1101    1111    10
254    246    314    36    1455    1465    10
255    176    200    17    578    588    10
256    337    232    2    1581    1591    10
257    257    133    19    872    882    10
258    295    247    12    1313    1323    10
259    39    162    18    575    585    10
260    79    257    26    963    973    10
261    236    126    23    124    134    10
262    259    498    33    1085    1095    10
263    180    162    9    183    193    10
264    53    466    9    345    355    10
265    167    291    27    1644    1654    10
266    89    185    16    610    620    10
267    487    446    9    1350    1360    10
268    308    199    14    1518    1528    10
269    481    84    17    516    526    10
270    495    227    20    354    364    10
271    397    57    17    1486    1496    10
272    372    39    10    734    744    10
273    278    450    29    1385    1395    10
274    292    32    14    239    249    10
275    90    496    13    1405    1415    10
276    68    53    16    749    759    10
277    371    423    10    211    221    10
278    273    149    14    1513    1523    10
279    297    283    28    1359    1369    10
280    120    37    28    785    795    10
281    371    488    10    593    603    10
282    206    174    14    810    820    10
283    174    347    3    1025    1035    10
284    330    281    14    1340    1350    10
285    67    451    5    1226    1236    10
286    27    464    21    1301    1311    10
287    361    178    5    982    992    10
288    463    406    23    867    877    10
289    456    157    20    1465    1475    10
290    153    244    5    118    128    10
291    153    192    13    876    886    10
292    352    63    6    1188    1198    10
293    371    71    21    297    307    10
294    163    472    9    663    673    10
295    448    495    40    394    404    10
296    282    10    30    1272    1282    10
297    66    163    6    405    415    10
298    314    205    22    1537    1547    10
299    83    169    21    787    797    10
300    221    291    9    56    66    10
301    374    116    9    597    607    10
302    418    269    3    1215    1225    10
303    178    302    19    897    907    10
304    250    57    26    758    768    10
305    475    352    33    320    330    10
306    1    252    5    285    295    10
307    286    356    30    111    121    10
308    65    82    13    750    760    10
309    154    392    9    171    181    10
310    196    56    15    619    629    10
311    366    390    23    1328    1338    10
312    436    25    19    1292    1302    10
313    67    352    20    383    393    10
314    173    182    25    102    112    10
315    390    34    7    1070    1080    10
316    18    225    8    701    711    10
317    57    43    15    1033    1043    10
318    388    44    22    1141    1151    10
319    269    112    19    1273    1283    10
320    374    260    27    1781    1791    10
321    291    213    23    1268    1278    10
322    178    420    18    1081    1091    10
323    389    255    15    795    805    10
324    134    194    19    1662    1672    10
325    93    490    2    389    399    10
326    64    294    12    1111    1121    10
327    493    111    26    551    561    10
328    150    484    16    635    645    10
329    235    316    2    666    676    10
330    239    15    2    614    624    10
331    193    138    30    671    681    10
332    40    278    10    1114    1124    10
333    307    52    23    930    940    10
334    161    416    25    1021    1031    10
335    381    457    28    481    491    10
336    55    318    13    322    332    10
337    80    279    19    1168    1178    10
338    48    162    15    227    237    10
339    91    27    14    1192    1202    10
340    288    70    24    189    199    10
341    177    404    17    1272    1282    10
342    10    237    19    626    636    10
343    493    493    20    866    876    10
344    440    292    24    950    960    10
345    349    76    15    1041    1051    10
346    47    208    30    236    246    10
347    283    454    14    1275    1285    10
348    486    324    15    780    790    10
349    392    87    23    1193    1203    10
350    122    422    3    1467    1477    10
351    37    281    17    503    513    10
352    413    127    28    841    851    10
353    222    499    7    855    865    10
354    211    446    15    1133    1143    10
355    30    7    23    1199    1209    10
356    398    341    33    949    959    10
357    26    67    15    1327    1337    10
358    461    186    16    1522    1532    10
359    313    391    5    160    170    10
360    471    94    30    1009    1019    10
361    341    72    9    815    825    10
362    130    186    16    141    151    10
363    257    57    18    1236    1246    10
364    94    344    26    692    702    10
365    6    53    8    597    607    10
366    146    376    8    244    254    10
367    244    13    24    1023    1033    10
368    29    336    22    342    352    10
369    306    42    11    487    497    10
370    177    486    20    1607    1617    10
371    489    338    17    1407    1417    10
372    179    318    2    1131    1141    10
373    344    203    14    177    187    10
374    149    341    6    414    424    10
375    307    412    8    414    424    10
376    68    450    18    643    653    10
377    420    80    24    1107    1117    10
378    144    220    35    110    120    10
379    497    54    14    988    998    10
380    80    458    30    381    391    10
381    84    377    10    936    946    10
382    332    382    2    1020    1030    10
383    6    196    20    1213    1223    10
384    104    28    8    1483    1493    10
385    224    320    36    1294    1304    10
386    87    3    13    1443    1453    10
387    149    214    7    492    502    10
388    98    29    14    1057    1067    10
389    135    30    12    484    494    10
390    287    397    12    574    584    10
391    107    374    8    924    934    10
392    355    485    10    1489    1499    10
393    51    286    14    1469    1479    10
394    49    118    3    1081    1091    10
395    159    226    16    94    104    10
396    185    431    15    397    407    10
397    262    92    25    640    650    10
398    475    198    20    845    855    10
399    142    30    32    1256    1266    10
400    481    207    34    866    876    10
401    174    122    14    603    613    10
402    35    263    27    280    290    10
403    24    71    11    356    366    10
404    173    65    12    458    468    10
405    91    326    4    973    983    10
406    470    417    11    747    757    10
407    397    153    29    892    902    10
408    295    283    26    903    913    10
409    174    376    8    1429    1439    10
410    38    190    23    295    305    10
411    16    68    11    296    306    10
412    179    286    8    351    361    10
413    244    422    14    548    558    10
414    250    441    5    766    776    10
415    497    18    10    1140    1150    10
416    195    111    15    1008    1018    10
417    26    221    28    1006    1016    10
418    442    5    16    330    340    10
419    44    496    32    412    422    10
420    448    404    15    609    619    10
421    471    427    8    826    836    10
422    460    424    11    1465    1475    10
423    461    195    26    1405    1415    10
424    146    313    22    1205    1215    10
425    19    273    25    1027    1037    10
426    245    461    8    659    669    10
427    69    266    12    768    778    10
428    191    84    13    877    887    10
429    68    160    21    1146    1156    10
430    212    47    20    811    821    10
431    80    337    28    1129    1139    10
432    412    478    7    970    980    10
433    225    488    28    646    656    10
434    105    140    27    182    192    10
435    389    43    21    406    416    10
436    177    156    25    177    187    10
437    179    497    1    1421    1431    10
438    377    432    20    841    851    10
439    497    296    14    623    633    10
440    152    476    45    533    543    10
441    277    428    7    500    510    10
442    64    5    14    1139    1149    10
443    44    311    27    417    427    10
444    165    59    27    953    963    10
445    261    138    1    628    638    10
446    268    351    7    1685    1695    10
447    48    150    15    665    675    10
448    215    79    5    234    244    10
449    109    56    27    239    249    10
450    171    188    30    631    641    10
451    284    457    17    1509    1519    10
452    274    442    17    1076    1086    10
453    33    286    11    1556    1566    10
454    112    433    29    245    255    10
455    423    170    27    523    533    10
456    213    283    14    1481    1491    10
457    240    34    28    1570    1580    10
458    283    438    3    241    251    10
459    324    99    10    348    358    10
460    259    301    25    109    119    10
461    189    402    10    546    556    10
462    215    282    21    1450    1460    10
463    166    440    12    207    217    10
464    374    232    33    125    135    10
465    339    113    14    771    781    10
466    335    46    18    1352    1362    10
467    313    493    20    1203    1213    10
468    432    66    30    1081    1091    10
469    76    462    18    966    976    10
470    397    477    13    1226    1236    10
471    196    489    23    1040    1050    10
472    354    156    20    842    852    10
473    171    24    11    1393    1403    10
474    187    73    18    302    312    10
475    243    408    15    1444    1454    10
476    421    387    15    811    821    10
477    141    426    23    541    551    10
478    415    118    19    227    237    10
479    240    255    33    1621    1631    10
480    162    388    11    1136    1146    10
481    413    493    26    1228    1238    10
482    69    414    6    1273    1283    10
483    273    70    36    629    639    10
484    142    14    18    845    855    10
485    185    434    9    584    594    10
486    360    294    9    1428    1438    10
487    265    240    9    18    28    10
488    280    245    21    30    40    10
489    87    51    35    524    534    10
490    195    273    22    59    69    10
491    422    498    5    702    712    10
492    95    64    4    776    786    10
493    63    155    7    975    985    10
494    24    259    19    380    390    10
495    376    92    10    1001    1011    10
496    83    300    26    510    520    10
497    72    477    46    288    298    10
498    380    194    3    724    734    10
499    72    227    25    574    584    10
500    238    123    24    791    801    10
501    188    119    44    985    995    10
502    229    322    11    1670    1680    10
503    150    68    23    433    443    10
504    67    24    10    1028    1038    10
505    63    420    19    530    540    10
506    339    144    13    1109    1119    10
507    454    201    16    1315    1325    10
508    158    24    18    621    631    10
509    365    119    30    392    402    10
510    440    284    25    862    872    10
511    417    212    12    920    930    10
512    404    439    3    249    259    10
513    472    248    11    844    854    10
514    235    108    12    1090    1100    10
515    174    67    15    1270    1280    10
516    132    151    22    154    164    10
517    217    207    26    1392    1402    10
518    162    306    22    129    139    10
519    48    366    29    753    763    10
520    209    68    27    1578    1588    10
521    94    497    31    792    802    10
522    110    122    14    1519    1529    10
523    274    403    17    897    907    10
524    421    386    29    834    844    10
525    399    175    13    757    767    10
526    56    268    28    1074    1084    10
527    322    406    17    839    849    10
528    244    277    18    1311    1321    10
529    105    181    19    1541    1551    10
530    30    97    23    1220    1230    10
531    359    246    18    1433    1443    10
532    498    457    15    923    933    10
533    190    267    36    1764    1774    10
534    334    481    32    340    350    10
535    18    24    32    638    648    10
536    482    104    19    817    827    10
537    460    328    13    229    239    10
538    320    211    16    1003    1013    10
539    494    165    19    614    624    10
540    167    445    7    1422    1432    10
541    340    291    22    480    490    10
542    272    234    26    1600    1610    10
543    325    56    13    806    816    10
544    71    304    19    699    709    10
545    87    311    7    174    184    10
546    207    487    4    699    709    10
547    332    5    14    1043    1053    10
548    161    275    21    1357    1367    10
549    268    458    24    533    543    10
550    175    352    12    1675    1685    10
551    398    476    25    428    438    10
552    51    360    13    1155    1165    10
553    21    70    15    781    791    10
554    80    251    14    314    324    10
555    457    280    17    1010    1020    10
556    423    315    12    190    200    10
557    66    88    2    840    850    10
558    479    387    13    407    417    10
559    436    123    40    225    235    10
560    286    244    31    1294    1304    10
561    449    190    2    1150    1160    10
562    456    113    17    1237    1247    10
563    480    152    26    1032    1042    10
564    100    266    5    480    490    10
565    343    34    7    735    745    10
566    374    306    4    1004    1014    10
567    13    465    31    784    794    10
568    230    487    20    1140    1150    10
569    442    153    29    1199    1209    10
570    240    362    23    1424    1434    10
571    433    319    11    1386    1396    10
572    0    422    8    831    841    10
573    297    131    25    1175    1185    10
574    71    12    2    303    313    10
575    44    440    24    799    809    10
576    447    184    27    434    444    10
577    341    59    27    800    810    10
578    132    32    18    794    804    10
579    411    396    23    930    940    10
580    450    416    25    587    597    10
581    323    34    13    1325    1335    10
582    244    368    25    424    434    10
583    90    477    18    277    287    10
584    34    169    11    494    504    10
585    351    128    15    1263    1273    10
586    71    282    29    652    662    10
587    157    269    31    1586    1596    10
588    392    1    11    615    625    10
589    39    153    26    808    818    10
590    306    229    10    1330    1340    10
591    415    253    21    377    387    10
592    92    76    4    1149    1159    10
593    437    98    16    1124    1134    10
594    12    367    27    336    346    10
595    448    414    23    1233    1243    10
596    128    113    22    373    383    10
597    43    360    2    845    855    10
598    102    422    23    236    246    10
599    480    131    5    698    708    10
600    210    81    2    409    419    10
601    432    2    20    477    487    10
602    396    83    15    1596    1606    10
603    489    159    29    1438    1448    10
604    56    75    24    1448    1458    10
605    66    31    25    1058    1068    10
606    460    117    14    530    540    10
607    175    239    23    75    85    10
608    217    333    26    421    431    10
609    62    375    16    359    369    10
610    82    183    17    1112    1122    10
611    248    214    19    1489    1499    10
612    385    239    21    796    806    10
613    371    315    18    1176    1186    10
614    333    163    32    1250    1260    10
615    100    66    15    1410    1420    10
616    311    422    29    998    1008    10
617    153    235    10    98    108    10
618    168    109    10    214    224    10
619    284    319    17    827    837    10
620    195    464    20    1551    1561    10
621    382    9    30    282    292    10
622    325    210    15    943    953    10
623    366    334    5    420    430    10
624    200    78    31    1003    1013    10
625    351    5    12    506    516    10
626    197    202    29    1214    1224    10
627    270    337    20    1793    1803    10
628    125    65    17    798    808    10
629    120    17    30    289    299    10
630    84    255    13    292    302    10
631    222    331    10    550    560    10
632    332    459    35    379    389    10
633    226    175    23    1704    1714    10
634    404    140    8    1269    1279    10
635    223    178    20    1146    1156    10
636    330    308    24    1180    1190    10
637    140    108    29    1081    1091    10
638    34    239    16    229    239    10
639    94    192    1    1090    1100    10
640    458    213    22    1138    1148    10
641    13    314    14    254    264    10
642    202    391    30    634    644    10
643    339    41    6    466    476    10
644    224    56    13    1196    1206    10
645    345    431    12    355    365    10
646    292    104    26    314    324    10
647    318    99    35    1223    1233    10
648    46    248    9    824    834    10
649    482    184    14    1117    1127    10
650    411    379    25    1203    1213    10
651    293    174    31    87    97    10
652    169    305    21    172    182    10
653    394    47    5    323    333    10
654    323    29    7    1147    1157    10
655    65    343    38    217    227    10
656    158    179    37    116    126    10
657    299    353    34    114    124    10
658    9    233    31    316    326    10
659    330    138    18    1120    1130    10
660    48    412    7    1042    1052    10
661    385    17    40    819    829    10
662    382    110    24    1122    1132    10
663    336    493    20    1503    1513    10
664    181    441    25    552    562    10
665    162    301    16    1623    1633    10
666    1    101    8    1267    1277    10
667    80    117    24    834    844    10
668    210    219    7    50    60    10
669    404    59    13    923    933    10
670    288    439    16    283    293    10
671    149    458    13    1174    1184    10
672    257    391    22    1643    1653    10
673    405    349    15    532    542    10
674    191    215    17    68    78    10
675    231    29    14    1236    1246    10
676    253    50    27    236    246    10
677    441    177    23    1011    1021    10
678    5    445    30    321    331    10
679    463    253    23    1057    1067    10
680    435    180    37    235    245    10
681    198    85    28    273    283    10
682    59    388    20    673    683    10
683    373    418    6    1269    1279    10
684    142    80    12    502    512    10
685    441    7    20    402    412    10
686    33    268    18    706    716    10
687    355    174    33    725    735    10
688    228    260    12    1616    1626    10
689    114    460    14    1096    1106    10
690    337    41    8    1012    1022    10
691    154    374    36    947    957    10
692    235    13    27    369    379    10
693    303    78    12    179    189    10
694    103    464    22    1283    1293    10
695    325    311    22    1332    1342    10
696    306    235    25    57    67    10
697    382    360    26    188    198    10
698    235    288    18    40    50    10
699    0    356    13    1096    1106    10
700    178    135    21    1524    1534    10
701    226    423    15    207    217    10
702    15    11    15    962    972    10
703    144    35    26    239    249    10
704    176    199    28    89    99    10
705    247    306    33    56    66    10
706    396    417    13    820    830    10
707    289    220    19    49    59    10
708    23    235    43    1033    1043    10
709    137    377    23    169    179    10
710    400    71    17    1382    1392    10
711    261    359    10    109    119    10
712    438    127    2    951    961    10
713    318    280    21    74    84    10
714    333    293    27    627    637    10
715    436    295    11    538    548    10
716    62    94    16    961    971    10
717    495    355    3    1253    1263    10
718    13    394    15    383    393    10
719    172    292    17    102    112    10
720    14    232    18    315    325    10
721    437    90    12    595    605    10
722    214    274    24    1379    1389    10
723    420    383    27    992    1002    10
724    120    261    5    803    813    10
725    179    75    13    750    760    10
726    484    224    7    310    320    10
727    214    245    8    36    46    10
728    395    474    26    397    407    10
729    368    311    14    936    946    10
730    199    203    20    1467    1477    10
731    485    428    22    1500    1510    10
732    86    199    23    288    298    10
733    447    272    12    394    404    10
734    40    304    16    1155    1165    10
735    475    267    7    790    800    10
736    482    141    14    1021    1031    10
737    489    274    31    544    554    10
738    26    342    12    331    341    10
739    139    438    24    224    234    10
740    12    358    7    1234    1244    10
741    125    61    26    622    632    10
742    360    284    19    677    687    10
743    29    358    23    621    631    10
744    285    247    13    1285    1295    10
745    248    386    22    388    398    10
746    415    207    18    910    920    10
747    130    247    17    120    130    10
748    172    66    18    1313    1323    10
749    92    259    4    409    419    10
750    379    486    22    682    692    10
751    452    484    26    1288    1298    10
752    268    288    26    1277    1287    10
753    349    43    26    229    239    10
754    225    269    30    1281    1291    10
755    50    383    20    270    280    10
756    110    251    23    508    518    10
757    461    182    13    639    649    10
758    255    487    19    408    418    10
759    133    202    33    471    481    10
760    34    329    2    1053    1063    10
761    368    452    16    680    690    10
762    242    106    28    1278    1288    10
763    171    303    18    1599    1609    10
764    329    456    19    259    269    10
765    490    286    29    532    542    10
766    61    214    4    352    362    10
767    365    74    24    858    868    10
768    321    149    18    1435    1445    10
769    84    453    19    1233    1243    10
770    26    442    23    1354    1364    10
771    180    283    23    754    764    10
772    394    322    12    1035    1045    10
773    348    348    23    945    955    10
774    309    161    23    593    603    10
775    385    58    24    415    425    10
776    228    287    21    43    53    10
777    312    453    6    560    570    10
778    35    344    21    873    883    10
779    393    98    13    763    773    10
780    208    488    22    488    498    10
781    235    33    30    1347    1357    10
782    140    137    32    580    590    10
783    405    187    34    1261    1271    10
784    330    371    1    569    579    10
785    265    0    10    906    916    10
786    295    89    23    752    762    10
787    3    23    11    401    411    10
788    363    225    35    866    876    10
789    148    208    22    536    546    10
790    466    362    15    1162    1172    10
791    267    290    15    43    53    10
792    98    2    14    602    612    10
793    131    246    17    842    852    10
794    418    75    11    458    468    10
795    366    260    23    1530    1540    10
796    138    28    23    1107    1117    10
797    209    212    18    1538    1548    10
798    443    167    17    553    563    10
799    156    65    22    1047    1057    10
800    279    355    9    176    186    10
801    206    172    29    798    808    10
802    32    94    14    940    950    10
803    301    239    31    52    62    10
804    471    368    19    438    448    10
805    133    273    20    119    129    10
806    253    74    20    1360    1370    10
807    470    405    17    936    946    10
808    77    172    23    796    806    10
809    77    465    11    275    285    10
810    466    96    22    1393    1403    10
811    402    277    5    1448    1458    10
812    267    374    23    611    621    10
813    450    194    27    635    645    10
814    89    65    16    730    740    10
815    429    389    18    434    444    10
816    202    28    22    944    954    10
817    46    389    22    267    277    10
818    246    407    12    322    332    10
819    452    110    14    350    360    10
820    213    185    21    74    84    10
821    134    276    15    143    153    10
822    262    97    17    957    967    10
823    469    489    4    565    575    10
824    364    71    5    1358    1368    10
825    68    240    11    804    814    10
826    494    468    31    362    372    10
827    439    222    22    990    1000    10
828    386    225    13    929    939    10
829    434    359    13    1402    1412    10
830    103    177    28    636    646    10
831    89    322    21    1031    1041    10
832    307    249    10    1387    1397    10
833    30    155    9    1290    1300    10
834    401    314    25    986    996    10
835    217    357    23    1430    1440    10
836    373    421    21    247    257    10
837    5    281    16    1382    1392    10
838    173    474    14    1295    1305    10
839    36    301    21    219    229    10
840    429    169    8    913    923    10
841    195    450    16    1496    1506    10
842    95    382    19    241    251    10
843    225    121    18    743    753    10
844    10    407    36    444    454    10
845    221    269    14    1275    1285    10
846    264    180    33    1691    1701    10
847    168    59    6    376    386    10
848    281    96    1    1136    1146    10
849    387    349    9    169    179    10
850    398    329    17    167    177    10
851    239    486    3    1492    1502    10
852    237    420    15    1344    1354    10
853    346    354    8    827    837    10
854    172    314    9    555    565    10
855    233    230    20    26    36    10
856    79    80    19    1392    1402    10
857    243    402    13    415    425    10
858    117    110    13    989    999    10
859    66    314    26    194    204    10
860    58    391    16    892    902    10
861    142    360    20    1542    1552    10
862    492    326    19    1214    1224    10
863    381    328    12    727    737    10
864    62    236    29    568    578    10
865    344    70    24    1156    1166    10
866    151    81    28    1568    1578    10
867    240    240    35    1710    1720    10
868    46    163    8    936    946    10
869    455    168    21    877    887    10
870    428    202    24    914    924    10
871    432    199    7    649    659    10
872    391    112    24    1010    1020    10
873    451    305    13    208    218    10
874    214    311    14    70    80    10
875    465    367    14    1037    1047    10
876    164    473    26    306    316    10
877    364    173    30    190    200    10
878    274    261    20    1717    1727    10
879    133    455    25    818    828    10
880    351    481    10    332    342    10
881    115    395    11    825    835    10
882    297    304    4    71    81    10
883    7    194    29    961    971    10
884    409    255    23    1532    1542    10
885    87    213    18    636    646    10
886    60    246    25    190    200    10
887    3    471    13    721    731    10
888    418    251    21    1207    1217    10
889    153    362    7    1171    1181    10
890    323    77    36    1415    1425    10
891    143    158    12    148    158    10
892    351    148    30    471    481    10
893    426    38    23    619    629    10
894    226    316    21    70    80    10
895    347    192    18    1498    1508    10
896    102    6    3    1468    1478    10
897    41    120    22    706    716    10
898    247    443    17    340    350    10
899    218    271    16    1584    1594    10
900    376    385    12    184    194    10
901    241    402    11    1035    1045    10
902    213    399    18    244    254    10
903    32    191    5    596    606    10
904    441    374    10    233    243    10
905    376    113    8    524    534    10
906    215    434    9    203    213    10
907    499    316    18    632    642    10
908    318    497    21    864    874    10
909    256    441    34    191    201    10
910    174    397    32    1255    1265    10
911    468    360    16    284    294    10
912    287    256    18    37    47    10
913    448    397    33    876    886    10
914    352    487    27    912    922    10
915    253    118    19    557    567    10
916    159    299    12    1026    1036    10
917    351    233    21    1433    1443    10
918    268    113    21    690    700    10
919    164    332    19    1290    1300    10
920    88    484    5    1501    1511    10
921    360    488    19    326    336    10
922    343    166    28    886    896    10
923    497    266    25    758    768    10
924    138    406    8    1226    1236    10
925    420    224    10    439    449    10
926    231    410    14    1246    1256    10
927    199    438    3    1370    1380    10
928    219    215    32    46    56    10
929    365    274    14    117    127    10
930    481    454    14    330    340    10
931    187    61    19    555    565    10
932    372    97    13    224    234    10
933    187    263    35    64    74    10
934    371    427    23    968    978    10
935    74    215    10    239    249    10
936    375    145    12    939    949    10
937    365    28    9    278    288    10
938    118    314    26    348    358    10
939    60    29    32    1373    1383    10
940    478    300    12    900    910    10
941    33    152    17    1330    1340    10
942    347    184    15    1089    1099    10
943    94    40    24    1078    1088    10
944    290    328    7    154    164    10
945    96    346    26    195    205    10
946    97    288    22    1294    1304    10
947    176    470    14    557    567    10
948    206    97    33    458    468    10
949    210    133    15    699    709    10
950    489    457    13    326    336    10
951    418    399    20    448    458    10
952    392    491    10    1143    1153    10
953    437    19    15    1024    1034    10
954    495    83    32    451    461    10
955    468    352    9    778    788    10
956    390    120    24    1014    1024    10
957    80    357    1    540    550    10
958    394    310    10    1109    1119    10
959    61    441    27    554    564    10
960    52    303    25    451    461    10
961    391    202    14    148    158    10
962    36    451    15    899    909    10
963    276    84    20    691    701    10
964    130    140    17    204    214    10
965    16    287    12    281    291    10
966    292    136    28    791    801    10
967    53    204    8    1065    1075    10
968    359    287    24    115    125    10
969    309    29    11    1304    1314    10
970    473    491    23    423    433    10
971    273    255    18    1502    1512    10
972    263    153    12    422    432    10
973    328    458    17    778    788    10
974    401    164    13    631    641    10
975    480    119    7    638    648    10
976    488    96    22    1076    1086    10
977    149    98    4    1175    1185    10
978    49    437    7    437    447    10
979    440    77    14    923    933    10
980    43    135    31    236    246    10
981    188    151    7    1307    1317    10
982    175    422    24    1456    1466    10
983    48    437    4    814    824    10
984    334    403    26    174    184    10
985    372    115    13    374    384    10
986    111    192    11    1209    1219    10
987    357    290    24    114    124    10
988    331    134    11    1134    1144    10
989    495    199    25    347    357    10
990    441    60    21    1469    1479    10
991    51    89    19    1218    1228    10
992    452    206    31    502    512    10
993    195    386    13    146    156    10
994    172    24    17    1462    1472    10
995    408    318    15    653    663    10
996    410    399    25    244    254    10
997    413    345    20    1228    1238    10
998    215    129    17    1129    1139    10
999    380    350    15    876    886    10
1000    19    38    15    857    867    10
1001    166    247    1    84    94    10
