CUST    NO.    XCOORD.    YCOORD.    DEMAND    READY    TIME    DUE    DATE    SERVICE    TIME
1    70    70    0    0    2535    0
2    101    0    9    1932    2172    10
3    26    50    7    1490    1730    10
4    30    57    20    0    2483    10
5    29    60    14    0    2483    10
6    69    116    26    0    2479    10
7    137    137    27    0    2431    10
8    103    119    18    1276    1516    10
9    78    111    22    47    287    10
10    107    25    13    1035    1275    10
11    17    138    8    0    2439    10
12    37    138    5    0    2450    10
13    20    69    13    0    2475    10
14    121    123    9    0    2452    10
15    22    104    11    0    2467    10
16    137    7    40    0    2434    10
17    50    106    25    1221    1461    10
18    46    112    10    1084    1324    10
19    79    72    22    0    2516    10
20    104    32    18    0    2475    10
21    8    87    17    1545    1785    10
22    109    139    8    392    632    10
23    80    103    15    1428    1668    10
24    78    63    19    0    2515    10
25    95    135    27    0    2456    10
26    37    79    5    0    2491    10
27    64    132    8    0    2463    10
28    133    130    13    0    2438    10
29    39    13    20    0    2461    10
30    120    14    20    0    2450    10
31    10    86    14    0    2463    10
32    140    42    13    0    2450    10
33    121    124    21    0    2451    10
34    42    29    12    0    2476    10
35    44    58    30    0    2497    10
36    32    6    11    320    560    10
37    41    36    13    0    2481    10
38    106    10    13    0    2456    10
39    107    102    12    0    2477    10
40    83    38    22    1846    2086    10
41    132    133    24    0    2437    10
42    81    57    8    17    257    10
43    120    52    20    0    2472    10
44    113    32    36    0    2468    10
45    137    101    12    617    857    10
46    82    103    15    0    2490    10
47    10    111    21    0    2453    10
48    90    44    6    0    2493    10
49    139    73    10    0    2456    10
50    89    24    15    0    2476    10
51    64    138    15    0    2457    10
52    98    4    20    0    2454    10
53    61    34    7    1830    2070    10
54    60    84    23    0    2508    10
55    13    48    15    0    2464    10
56    84    88    16    0    2503    10
57    86    40    22    0    2491    10
58    69    115    20    0    2480    10
59    59    115    26    0    2479    10
60    105    2    1    0    2449    10
61    107    77    34    0    2488    10
62    104    54    13    150    390    10
63    54    33    20    41    281    10
64    32    52    32    0    2483    10
65    37    125    10    0    2461    10
66    99    34    9    0    2479    10
67    38    122    13    876    1116    10
68    85    75    37    0    2510    10
69    109    131    16    0    2453    10
70    103    77    17    1102    1342    10
71    47    83    1    0    2499    10
72    139    68    25    0    2456    10
73    88    29    33    0    2481    10
74    39    100    31    0    2482    10
75    48    47    19    31    271    10
76    104    73    17    0    2491    10
77    9    19    10    1431    1671    10
78    103    44    12    0    2483    10
79    73    96    9    0    2499    10
80    44    116    27    0    2473    10
81    71    70    9    0    2524    10
82    83    12    29    0    2466    10
83    36    54    15    1428    1668    10
84    16    92    10    0    2467    10
85    56    139    18    0    2455    10
86    27    104    1    0    2471    10
87    67    96    26    1908    2148    10
88    34    72    21    0    2489    10
89    120    22    39    396    636    10
90    54    106    9    0    2486    10
91    63    129    7    0    2466    10
92    33    117    20    0    2466    10
93    102    52    15    0    2489    10
94    13    129    25    0    2443    10
95    34    20    15    0    2464    10
96    114    109    16    0    2467    10
97    86    80    21    0    2507    10
98    33    0    20    0    2446    10
99    18    104    18    1287    1527    10
100    70    83    23    0    2512    10
101    12    48    4    0    2463    10
102    139    72    23    1288    1528    10
103    109    78    21    0    2486    10
104    116    22    32    0    2459    10
105    27    46    35    0    2476    10
106    19    120    16    0    2454    10
107    23    39    20    1347    1587    10
108    110    99    21    0    2476    10
109    15    18    10    0    2450    10
110    18    70    26    1504    1744    10
111    16    62    15    0    2471    10
112    61    57    35    0    2510    10
113    123    84    13    0    2471    10
114    37    73    33    0    2492    10
115    115    124    11    0    2455    10
116    93    61    10    0    2501    10
117    89    39    23    0    2489    10
118    65    0    20    0    2455    10
119    108    30    18    323    563    10
120    120    60    18    156    396    10
121    92    22    18    0    2473    10
122    2    106    16    1487    1727    10
123    117    92    25    0    2474    10
124    26    130    20    0    2451    10
125    85    111    25    952    1192    10
126    113    45    4    0    2476    10
127    40    113    23    0    2473    10
128    138    105    24    0    2449    10
129    116    105    23    0    2468    10
130    110    28    20    0    2467    10
131    12    138    14    1038    1278    10
132    66    40    20    30    270    10
133    140    36    1    0    2448    10
134    50    112    18    0    2479    10
135    23    19    16    0    2456    10
136    4    71    19    0    2459    10
137    92    138    12    0    2454    10
138    69    6    8    272    512    10
139    100    99    17    0    2484    10
140    116    13    5    0    2452    10
141    112    13    27    0    2455    10
142    49    140    3    876    1116    10
143    36    124    34    0    2462    10
144    120    47    18    0    2470    10
145    60    54    3    0    2507    10
146    115    82    30    0    2479    10
147    139    110    19    0    2446    10
148    126    23    13    0    2452    10
149    58    80    18    1778    2018    10
150    30    21    12    0    2462    10
151    64    115    15    480    720    10
152    82    100    18    0    2493    10
153    113    35    9    142    382    10
154    35    90    20    0    2485    10
155    58    95    35    0    2498    10
156    117    4    9    0    2444    10
157    97    115    25    1413    1653    10
158    56    129    21    0    2465    10
159    54    41    9    1065    1305    10
160    136    123    31    0    2441    10
161    129    24    18    1280    1520    10
162    46    133    7    0    2458    10
163    58    11    9    448    688    10
164    54    78    11    0    2508    10
165    65    80    20    0    2514    10
166    28    62    23    0    2483    10
167    55    127    17    0    2467    10
168    137    84    41    0    2457    10
169    79    80    4    0    2512    10
170    51    92    9    0    2496    10
171    12    84    16    0    2466    10
172    66    82    27    0    2513    10
173    97    12    10    0    2462    10
174    67    120    5    1375    1615    10
175    55    102    4    0    2490    10
176    90    14    31    0    2466    10
177    20    106    24    1041    1281    10
178    15    4    23    343    583    10
179    138    78    43    0    2457    10
180    60    23    16    0    2477    10
181    29    94    1    0    2478    10
182    70    94    32    0    2501    10
183    4    44    24    0    2455    10
184    66    91    16    0    2504    10
185    119    73    15    408    648    10
186    135    65    3    0    2460    10
187    103    82    27    0    2490    10
188    104    139    29    1282    1522    10
189    15    9    2    0    2443    10
190    5    99    24    0    2454    10
191    36    38    5    0    2479    10
192    125    68    20    0    2470    10
193    44    36    9    131    371    10
194    137    127    28    0    2438    10
195    120    102    18    326    566    10
196    138    24    12    0    2443    10
197    103    86    19    0    2489    10
198    137    96    9    0    2454    10
199    8    138    10    0    2433    10
200    81    36    17    0    2490    10
201    116    83    30    0    2478    10
