CUST    NO.    XCOORD.    YCOORD.    DEMAND    READY    TIME    DUE    DATE    SERVICE    TIME
1    70    70    0    0    2535    0
2    10    86    14    1577    1828    10
3    16    62    15    1547    1742    10
4    84    36    10    329    605    10
5    79    72    22    9    415    10
6    16    39    20    330    437    10
7    61    54    10    209    234    10
8    96    26    10    230    349    10
9    16    92    10    1384    1606    10
10    85    106    20    39    447    10
11    6    25    10    363    800    10
12    37    125    10    1281    1587    10
13    87    108    20    100    482    10
14    18    104    18    1291    1523    10
15    61    48    20    73    588    10
16    97    29    30    49    399    10
17    112    67    10    216    564    10
18    50    106    25    1229    1454    10
19    99    28    30    209    569    10
20    15    9    2    1492    1910    10
21    19    37    20    376    754    10
22    90    101    10    532    830    10
23    125    68    20    700    956    10
24    127    108    10    417    782    10
25    90    44    6    124    415    10
26    4    23    10    359    701    10
27    17    37    30    204    743    10
28    113    32    36    506    767    10
29    63    57    10    14    530    10
30    94    104    10    208    939    10
31    58    95    35    1764    2236    10
32    137    96    9    200    374    10
33    127    112    20    280    806    10
34    103    119    18    1191    1601    10
35    20    69    13    1346    1799    10
36    2    28    10    160    592    10
37    88    29    33    1891    2481    10
38    86    102    10    35    484    10
39    126    112    10    366    632    10
40    61    34    7    1850    2050    10
41    113    69    20    176    507    10
42    109    78    21    869    1152    10
43    21    48    10    98    332    10
44    86    36    20    200    548    10
45    97    12    10    828    942    10
46    121    112    20    178    534    10
47    19    39    10    297    929    10
48    66    40    20    30    584    10
49    87    39    20    66    217    10
50    63    50    10    89    470    10
51    121    123    9    776    1400    10
52    116    22    32    489    733    10
53    137    101    12    342    1133    10
54    137    137    27    252    666    10
55    70    94    32    24    197    10
56    117    92    25    862    1522    10
57    122    113    20    128    675    10
58    109    71    20    88    306    10
59    35    102    10    425    1073    10
60    91    108    10    242    452    10
61    8    87    17    1419    1911    10
62    140    42    13    251    673    10
63    16    38    20    416    439    10
64    44    36    9    132    370    10
65    60    84    23    1811    2162    10
66    109    139    8    359    665    10
67    80    103    15    1216    1881    10
68    66    82    27    1880    2248    10
69    99    26    40    223    459    10
70    34    108    10    398    692    10
71    135    65    3    1109    1721    10
72    36    124    34    875    1116    10
73    102    60    30    422    779    10
74    30    21    12    1070    1629    10
75    139    110    19    728    924    10
76    10    111    21    1785    2277    10
77    18    70    26    1483    1764    10
78    4    28    10    407    865    10
79    57    53    10    167    707    10
80    54    41    9    1081    1288    10
81    107    25    13    992    1318    10
82    110    99    21    1221    1321    10
83    84    88    16    1334    1635    10
84    101    0    9    2011    2093    10
85    28    99    10    51    418    10
86    119    114    20    65    586    10
87    118    108    10    547    971    10
88    50    112    18    897    1077    10
89    44    116    27    52    766    10
90    82    100    18    383    571    10
91    83    12    29    925    1036    10
92    126    23    13    893    1335    10
93    85    75    37    15    214    10
94    39    13    20    1460    1666    10
95    120    136    10    470    566    10
96    105    2    1    682    1228    10
97    36    54    15    1330    1766    10
98    35    90    20    1574    2113    10
99    111    66    20    195    677    10
100    119    136    30    208    741    10
101    84    99    20    32    476    10
102    137    127    28    689    996    10
103    95    35    10    73    442    10
104    69    6    8    180    603    10
105    1    24    10    363    592    10
106    31    112    20    266    704    10
107    138    78    43    823    915    10
108    100    99    17    1175    1337    10
109    123    112    20    120    774    10
110    119    130    20    484    861    10
111    92    22    18    636    1003    10
112    137    7    40    500    866    10
113    121    124    21    551    767    10
114    34    104    10    297    998    10
115    121    110    30    467    942    10
116    56    139    18    951    1648    10
117    106    10    13    1000    1511    10
118    125    108    20    519    776    10
119    21    115    10    217    589    10
120    110    66    10    382    577    10
121    36    38    5    1723    1899    10
122    56    129    21    873    1540    10
123    4    30    40    471    896    10
124    8    138    10    1109    1340    10
125    88    35    20    144    507    10
126    116    132    10    724    810    10
127    113    45    4    1156    1356    10
128    28    107    20    106    536    10
129    115    134    30    78    658    10
130    116    83    30    569    986    10
131    57    59    10    459    633    10
132    89    39    23    36    334    10
133    59    52    20    132    644    10
134    112    71    20    64    434    10
135    35    99    20    594    1009    10
136    23    39    20    1102    1832    10
137    84    39    20    255    783    10
138    19    120    16    968    1241    10
139    20    39    10    513    800    10
140    90    104    20    426    833    10
141    66    91    16    21    280    10
142    4    44    24    1392    2053    10
143    78    63    19    10    442    10
144    92    107    30    120    665    10
145    37    138    5    725    1072    10
146    120    14    20    942    1247    10
147    33    0    20    1885    2095    10
148    113    71    10    43    621    10
149    112    13    27    2029    2290    10
150    41    36    13    167    364    10
151    64    61    20    442    871    10
152    121    134    20    181    952    10
153    103    44    12    42    316    10
154    67    55    10    15    398    10
155    86    80    21    1379    1736    10
156    64    132    8    62    611    10
157    93    36    20    69    347    10
158    115    124    11    1570    1838    10
159    103    82    27    992    1738    10
160    18    38    30    396    643    10
161    122    131    20    408    832    10
162    107    63    30    422    652    10
163    48    47    19    31    243    10
164    62    58    20    54    276    10
165    0    27    30    266    583    10
166    118    114    10    190    330    10
167    91    95    20    516    975    10
168    113    35    9    82    442    10
169    119    139    20    186    659    10
170    104    54    13    70    471    10
171    15    4    23    342    584    10
172    59    56    20    478    505    10
173    21    44    20    55    778    10
174    100    106    10    306    624    10
175    47    83    1    1002    1659    10
176    34    72    21    2118    2391    10
177    32    106    10    336    857    10
178    109    131    20    121    458    10
179    89    24    15    1016    1513    10
180    97    28    20    153    327    10
181    86    37    10    305    531    10
182    1    34    20    152    470    10
183    103    69    30    33    506    10
184    98    31    20    209    674    10
185    103    34    30    328    682    10
186    13    48    15    1633    1851    10
187    22    38    20    629    783    10
188    61    59    20    283    921    10
189    94    105    10    286    773    10
190    118    131    20    464    972    10
191    108    30    18    278    607    10
192    36    105    20    558    836    10
193    133    130    13    675    1223    10
194    15    18    10    1338    1983    10
195    103    86    19    950    1231    10
196    107    77    34    37    401    10
197    99    34    9    311    415    10
198    17    43    10    102    553    10
199    140    36    1    571    954    10
200    26    105    40    86    453    10
201    60    23    16    48    519    10
