CUST    NO.    XCOORD.    YCOORD.    DEMAND    READY    TIME    DUE    DATE    SERVICE    TIME
1    70    70    0    0    2535    0
2    10    86    14    1642    1762    10
3    16    62    15    1584    1704    10
4    84    36    10    407    527    10
5    79    72    22    9    129    10
6    16    39    20    0    2463    10
7    61    54    10    161    281    10
8    96    26    10    229    349    10
9    16    92    10    1435    1555    10
10    85    106    20    0    2486    10
11    6    25    10    0    2447    10
12    37    125    10    1374    1494    10
13    87    108    20    0    2484    10
14    18    104    18    1347    1467    10
15    61    48    20    270    390    10
16    97    29    30    136    256    10
17    112    67    10    0    2483    10
18    50    106    25    0    2484    10
19    99    28    30    0    2474    10
20    15    9    2    0    2443    10
21    19    37    20    505    625    10
22    90    101    10    621    741    10
23    125    68    20    768    888    10
24    127    108    10    539    659    10
25    90    44    6    209    329    10
26    4    23    10    470    590    10
27    17    37    30    413    533    10
28    113    32    36    576    696    10
29    63    57    10    59    179    10
30    94    104    10    0    2484    10
31    58    95    35    1940    2060    10
32    137    96    9    227    347    10
33    127    112    20    0    2455    10
34    103    119    18    0    2466    10
35    20    69    13    0    2475    10
36    2    28    10    316    436    10
37    88    29    33    0    2481    10
38    86    102    10    123    243    10
39    126    112    10    439    559    10
40    61    34    7    1890    2010    10
41    113    69    20    281    401    10
42    109    78    21    951    1071    10
43    21    48    10    155    275    10
44    86    36    20    314    434    10
45    97    12    10    825    945    10
46    121    112    20    296    416    10
47    19    39    10    553    673    10
48    66    40    20    61    181    10
49    87    39    20    81    201    10
50    63    50    10    219    339    10
51    121    123    9    1028    1148    10
52    116    22    32    0    2459    10
53    137    101    12    677    797    10
54    137    137    27    399    519    10
55    70    94    32    36    156    10
56    117    92    25    1132    1252    10
57    122    113    20    341    461    10
58    109    71    20    137    257    10
59    35    102    10    689    809    10
60    91    108    10    287    407    10
61    8    87    17    1605    1725    10
62    140    42    13    402    522    10
63    16    38    20    368    488    10
64    44    36    9    191    311    10
65    60    84    23    0    2508    10
66    109    139    8    0    2446    10
67    80    103    15    1488    1608    10
68    66    82    27    2004    2124    10
69    99    26    40    281    401    10
70    34    108    10    0    2473    10
71    135    65    3    1355    1475    10
72    36    124    34    935    1055    10
73    102    60    30    540    660    10
74    30    21    12    1290    1410    10
75    139    110    19    0    2446    10
76    10    111    21    1971    2091    10
77    18    70    26    1564    1684    10
78    4    28    10    576    696    10
79    57    53    10    377    497    10
80    54    41    9    1125    1245    10
81    107    25    13    0    2467    10
82    110    99    21    0    2476    10
83    84    88    16    1425    1545    10
84    101    0    9    1992    2112    10
85    28    99    10    144    264    10
86    119    114    20    244    364    10
87    118    108    10    699    819    10
88    50    112    18    927    1047    10
89    44    116    27    0    2473    10
90    82    100    18    0    2493    10
91    83    12    29    921    1041    10
92    126    23    13    0    2452    10
93    85    75    37    44    164    10
94    39    13    20    0    2461    10
95    120    136    10    458    578    10
96    105    2    1    895    1015    10
97    36    54    15    1488    1608    10
98    35    90    20    0    2485    10
99    111    66    20    376    496    10
100    119    136    30    414    534    10
101    84    99    20    69    189    10
102    137    127    28    782    902    10
103    95    35    10    0    2482    10
104    69    6    8    0    2461    10
105    1    24    10    417    537    10
106    31    112    20    425    545    10
107    138    78    43    809    929    10
108    100    99    17    1196    1316    10
109    123    112    20    387    507    10
110    119    130    20    612    732    10
111    92    22    18    0    2473    10
112    137    7    40    623    743    10
113    121    124    21    599    719    10
114    34    104    10    588    708    10
115    121    110    30    645    765    10
116    56    139    18    1239    1359    10
117    106    10    13    0    2456    10
118    125    108    20    0    2459    10
119    21    115    10    343    463    10
120    110    66    10    0    2485    10
121    36    38    5    0    2479    10
122    56    129    21    1146    1266    10
123    4    30    40    0    2448    10
124    8    138    10    1165    1285    10
125    88    35    20    265    385    10
126    116    132    10    707    827    10
127    113    45    4    1196    1316    10
128    28    107    20    261    381    10
129    115    134    30    296    416    10
130    116    83    30    718    838    10
131    57    59    10    486    606    10
132    89    39    23    85    205    10
133    59    52    20    328    448    10
134    112    71    20    189    309    10
135    35    99    20    741    861    10
136    23    39    20    0    2469    10
137    84    39    20    459    579    10
138    19    120    16    1045    1165    10
139    20    39    10    597    717    10
140    90    104    20    0    2486    10
141    66    91    16    26    146    10
142    4    44    24    1662    1782    10
143    78    63    19    10    130    10
144    92    107    30    333    453    10
145    37    138    5    839    959    10
146    120    14    20    1034    1154    10
147    33    0    20    1930    2050    10
148    113    71    10    233    353    10
149    112    13    27    0    2455    10
150    41    36    13    206    326    10
151    64    61    20    0    2515    10
152    121    134    20    0    2444    10
153    103    44    12    108    228    10
154    67    55    10    0    2510    10
155    86    80    21    0    2507    10
156    64    132    8    230    350    10
157    93    36    20    148    268    10
158    115    124    11    1644    1764    10
159    103    82    27    1305    1425    10
160    18    38    30    459    579    10
161    122    131    20    560    680    10
162    107    63    30    0    2488    10
163    48    47    19    0    2494    10
164    62    58    20    105    225    10
165    0    27    30    365    485    10
166    118    114    10    0    2460    10
167    91    95    20    686    806    10
168    113    35    9    202    322    10
169    119    139    20    362    482    10
170    104    54    13    210    330    10
171    15    4    23    403    523    10
172    59    56    20    432    552    10
173    21    44    20    211    331    10
174    100    106    10    0    2479    10
175    47    83    1    0    2499    10
176    34    72    21    2194    2314    10
177    32    106    10    536    656    10
178    109    131    20    0    2453    10
179    89    24    15    1204    1324    10
180    97    28    20    0    2476    10
181    86    37    10    358    478    10
182    1    34    20    251    371    10
183    103    69    30    72    192    10
184    98    31    20    0    2477    10
185    103    34    30    445    565    10
186    13    48    15    1682    1802    10
187    22    38    20    646    766    10
188    61    59    20    542    662    10
189    94    105    10    469    589    10
190    118    131    20    658    778    10
191    108    30    18    383    503    10
192    36    105    20    637    757    10
193    133    130    13    889    1009    10
194    15    18    10    1600    1720    10
195    103    86    19    1031    1151    10
196    107    77    34    0    2488    10
197    99    34    9    303    423    10
198    17    43    10    267    387    10
199    140    36    1    702    822    10
200    26    105    40    209    329    10
201    60    23    16    0    2477    10
